id,year,goalFactor,yellowPounds,bluePounds,maroonPounds
1,1999,0.0,,,
1,2000,0.0,0.0,,
1,2001,0.0,0.0,,
1,2002,0.0,0.0,,
1,2003,0.0,0.0,,
1,2004,0.0,0.0,,
1,2005,0.0,41946.259999999995,,
1,2006,0.0,,0.0,
1,2007,0.0,,150500.0,
1,2008,0.0,,515703.0,
1,2009,0.0,,475765.0,
1,2010,0.0,,563321.0,
1,2011,0.0,,782435.0,
1,2012,0.0,,816730.0,128000.0
1,2013,0.0,,881391.0,
1,2014,0.0,,980162.0,
2,2000,,0.0,,
2,2001,,0.0,,
2,2002,,0.0,,
2,2003,,0.0,,
2,2004,,0.0,,
2,2005,,950116.37947,,
3,2000,,0.0,,
3,2001,,0.0,,
3,2002,,0.0,,
3,2003,,0.0,,
3,2004,,0.0,,
3,2005,,1444409.06,,
4,1999,0.0,,,
4,2000,0.0,0.0,,
4,2001,0.0,0.0,,
4,2002,0.0,0.0,,
4,2003,0.0,0.0,,
4,2004,0.0,0.0,,
4,2005,0.0,406474.76,,
4,2006,0.0,271927.0,0.0,42714.0
4,2007,0.0,202934.0,128619.0,82911.0
4,2008,0.0,147651.0,16544.0,50142.0
4,2009,0.01,10797.0,65435.0,26180.0
4,2010,0.01,105643.0,279384.0,18700.0
4,2011,0.01,268503.0,535790.0,9049.0
4,2012,0.14,279298.0,649131.0,97901.0
4,2013,0.14,784909.7,931759.0,14433.0
4,2014,0.14,676308.0,1082564.0,
5,2000,,0.0,,
5,2001,,0.0,,
5,2002,,0.0,,
5,2003,,0.0,,
5,2004,,67380.633,,
5,2005,,1004378.26,,
5,2006,,2231954.0,,
5,2007,,2241667.0,,
5,2008,,383393.0,,
5,2009,,0.0,,
5,2010,,0.0,,
5,2011,,0.0,,
5,2012,,0.0,,
5,2013,,0.0,,
5,2014,,0.0,,
6,2000,,0.0,,
6,2001,,0.0,,
6,2002,,0.0,,
6,2003,,0.0,,
6,2004,,0.0,,
6,2005,,510486.76,,234067.0
6,2006,,2422816.13205,,415010.0
6,2007,,1305732.53995,,4532.0
6,2008,,230550.41,,
6,2009,,0.0,,
6,2010,,0.0,,
6,2011,,0.0,,
6,2012,,0.0,,
6,2013,,0.0,,
6,2014,,0.0,,
7,1999,1.8859,,,
7,2000,1.8859,0.0,,
7,2001,1.8859,0.0,,
7,2002,1.8859,0.0,,
7,2003,1.8859,0.0,,
7,2004,1.8859,0.0,,
7,2005,1.8859,982440.26,,
7,2006,1.8859,3125092.1,,84092.0
7,2007,1.89,3476679.0,,
7,2008,2.01,4065889.0,,
7,2009,1.9,2414090.0,,
7,2010,1.86,1504335.0,,
7,2011,1.44,832498.5,,
7,2012,1.44,1176269.0,,
7,2013,1.34,971582.0,,
7,2014,1.11,405439.0,,
8,1999,2.0282,,,
8,2000,2.0282,0.0,,
8,2001,2.0282,0.0,,
8,2002,2.0282,0.0,,
8,2003,2.0282,0.0,,
8,2004,2.0282,0.0,,
8,2005,2.0282,1179337.26,,
8,2006,2.0282,3832598.8503,,
8,2007,2.03,2346472.0001,,
8,2008,2.03,1761334.0,,
8,2009,1.86,1856069.6,,
8,2010,0.0,1380068.5,,
8,2011,0.0,0.0,,
8,2012,1.4,239007.0,,
8,2013,1.45,1841502.0,,
8,2014,1.23,897986.37,,
9,1999,1.6055,,,
9,2000,1.6055,0.0,,
9,2001,1.6055,0.0,,
9,2002,1.6055,0.0,,
9,2003,1.6055,0.0,,
9,2004,1.6055,0.0,,
9,2005,1.6055,924537.914,,
9,2006,1.6055,837333.3,,
9,2007,2.08,1245388.684,,
9,2008,2.08,2999189.3589,,
9,2009,1.81,1861687.382794352,,
9,2010,1.88,1744148.211922986,,
9,2011,1.89,1228751.0,,
9,2012,1.9,1122772.0,,
9,2013,1.78,933099.0,,
9,2014,1.81,312921.0,,
10,2000,,0.0,,
10,2001,,0.0,,
10,2002,,0.0,,
10,2003,,0.0,,
10,2004,,0.0,,
10,2005,,244166.26,,189260.0
10,2006,,267860.0,,
10,2007,,0.0,,
10,2008,,0.0,,
10,2009,,0.0,,
10,2010,,0.0,,
10,2011,,0.0,,
10,2012,,0.0,,
10,2013,,0.0,,
10,2014,,0.0,,
11,1999,0.3758,,,
11,2000,0.3758,0.0,,
11,2001,0.3758,0.0,,
11,2002,0.3758,0.0,,
11,2003,0.3758,79771.368,,
11,2004,0.3758,635931.633,,
11,2005,0.3758,1430518.26,,19087.0
11,2006,0.3758,712849.0,,409635.0
11,2007,0.37,78649.0,,107652.0
11,2008,0.49,290653.4,,
11,2009,0.51,124375.0,,
11,2010,0.46,279342.75,,
11,2011,0.44,539541.0,,
11,2012,0.44,270339.0,,167886.0
11,2013,0.46,76675.0,,314429.0
11,2014,0.44,245125.0,,165000.0
12,1999,0.0,,,
12,2000,0.0,0.0,,
12,2001,0.0,0.0,,
12,2002,0.0,0.0,,
12,2003,0.0,309287.368,,
12,2004,0.0,198013.333,,
12,2005,0.0,882996.2608,,
12,2006,0.0,52231.0,8802.0,
12,2007,0.0,55891.0,232987.0,
12,2008,0.0,187484.0,140938.0,
12,2009,0.01,471001.28,214008.0,16128.0
12,2010,0.01,379480.85596528,564875.0,32256.0
12,2011,0.08,848228.0,1049021.0,
12,2012,0.16,1115299.0,832288.0,1848.0
12,2013,0.16,1903154.0,792541.0,
12,2014,0.17,3009789.3,1139783.0,
13,2000,,0.0,,
13,2001,,0.0,,
13,2002,,0.0,,
13,2003,,237268.368,,
13,2004,,324181.633,,
13,2005,,645374.26,,
13,2006,,442758.0,,
13,2007,,812685.0,,
13,2008,,872103.0,,
13,2009,,349897.0,,
13,2010,,270535.0,,
13,2011,,262318.0,,
13,2012,,247432.0,,
13,2013,,167222.0,,
13,2014,,386451.0,,
14,1999,0.1662,,,
14,2000,0.1662,0.0,,
14,2001,0.1662,0.0,,
14,2002,0.1662,132613.21,5507.0,
14,2003,0.1662,152157.16799999998,209809.0,
14,2004,0.1662,123354.333,,
14,2005,0.1662,287122.26,,17902.0
14,2006,0.1662,1616318.0,259953.0,
14,2007,0.17,1888432.0,560082.0,221722.0
14,2008,0.17,1074378.0,992557.0,29485.0
14,2009,0.18,690118.0,816201.0,91265.0
14,2010,0.18,541082.01999468,1439026.0,181018.0
14,2011,0.19,839088.0,1969201.0,98148.0
14,2012,0.19,529206.99997,4189437.0,
14,2013,0.19,352029.0,7129113.0,70000.0
14,2014,0.17,746294.0,6051670.0,
15,1999,0.0,,,
15,2000,0.0,0.0,,
15,2001,0.0,0.0,,
15,2002,0.0,0.0,,
15,2003,0.0,0.0,31089.0,
15,2004,0.0,14709.432999999999,1491.0,
15,2005,0.0,483604.26,,
15,2006,0.0,41400.0,29401.0,
15,2007,0.0,0.0,65580.0,
15,2008,0.0,436979.3,157660.0,
15,2009,0.0,1541.0,442055.0,
15,2010,0.0,0.0,812151.0,
15,2011,0.0,0.0,1115328.0,
15,2012,0.0,0.0,1133011.0,
15,2013,0.0,0.0,811128.0,
15,2014,0.0,0.0,964810.0,
16,2000,,0.0,,
16,2001,,0.0,,
16,2002,,16745.12,,
16,2003,,0.0,,
16,2004,,0.0,,
16,2005,,0.0,,
17,2000,,0.0,,
17,2001,,0.0,,
17,2002,,278565.62,,
17,2003,,916294.368,,
17,2004,,781132.633,,
17,2005,,513666.26,,
17,2006,,978516.6,,
17,2007,,860353.094,,
17,2008,,923926.0,,
17,2009,,0.0,,
17,2010,,0.0,,
17,2011,,0.0,,
17,2012,,0.0,,
17,2013,,0.0,,
17,2014,,0.0,,
18,1999,0.0,,,
18,2000,0.0,0.0,,
18,2001,0.0,15643.429,,
18,2002,0.0,80911.37,,
18,2003,0.0,145552.338,,
18,2004,0.0,332280.79799999995,,
18,2005,0.0,233040.90000000002,,71979.0
18,2006,0.0,153394.0,0.0,80617.0
18,2007,0.47,216693.0,0.0,38236.0
18,2008,0.36,349951.32006,747152.0,
18,2009,0.29,385189.6,1994348.0,
18,2010,0.3,396353.712,2733916.0,25200.0
18,2011,0.32,357804.74,3047124.0,
18,2012,0.3,396702.15,3959035.0,
18,2013,0.29,467005.0,4425150.0,
18,2014,0.3,466474.745,4412951.0,
19,1999,0.0,,,
19,2000,0.0,0.0,,
19,2001,0.0,0.0,,
19,2002,0.0,56525.228,50854.0,
19,2003,0.0,171998.218,,
19,2004,0.0,924279.40562,,
19,2005,0.0,459176.85000000003,,
19,2006,0.0,568847.06,1637964.0,
19,2007,0.0,525095.3,653351.0,
19,2008,0.0,464179.75,4769813.0,
19,2009,0.0,394705.3333333333,20759839.65,
19,2010,0.0,350591.858,18472702.0,
19,2011,0.0,496074.5,16998212.0,
19,2012,0.0,270971.569,20711486.0,
19,2013,0.0,412653.0,19718204.0,
19,2014,0.0,198175.56,22335500.0,
20,2000,,0.0,,
20,2001,,10180.929,,
20,2002,,-1614.88,,
20,2003,,19875.217999999997,,
20,2004,,5820.633,,
20,2005,,0.0,,
20,2006,,848.64,,
20,2007,,0.0,,
20,2008,,0.0,,
20,2009,,0.0,,
20,2010,,0.0,,
20,2011,,0.0,,
20,2012,,0.0,,
20,2013,,0.0,,
20,2014,,0.0,,
21,1999,0.0819,,,
21,2000,0.0819,0.0,,
21,2001,0.0819,0.0,,
21,2002,0.0819,-2247.38,,
21,2003,0.0819,0.0,,
21,2004,0.0819,0.0,,
21,2005,0.0819,51090.259999999995,,
21,2006,0.0819,964395.97649,0.0,
21,2007,0.08,333417.5,0.0,
21,2008,0.09,316210.0,7567.0,
21,2009,0.06,208594.0,390395.109686018,45600.0
21,2010,0.06,767715.0,572862.0,
21,2011,0.07,77254.0,818347.0,
21,2012,0.06,24506.0,866531.0,
21,2013,0.07,21377.0,873424.0,
21,2014,0.08,85569.48,1493708.0,
22,2000,,0.0,,
22,2001,,0.0,,
22,2002,,47374.12,,
22,2003,,0.0,,
22,2004,,6598.51845,,
22,2005,,348706.87,,
22,2006,,472017.88602,,
22,2007,,831156.872,,38870.0
22,2008,,551333.6,,
22,2009,,0.0,,
22,2010,,0.0,,
22,2011,,0.0,,
22,2012,,0.0,,
22,2013,,0.0,,
22,2014,,0.0,,
23,2000,,0.0,,
23,2001,,0.0,40.0,
23,2002,,34309.12,,
23,2003,,0.0,19663.0,
23,2004,,0.0,76198.0,
23,2005,,142718.26,,
23,2006,,99.5,0.0,
23,2007,,0.0,41888.0,
23,2008,,11744.59,81774.0,
23,2009,,0.0,376801.0,
23,2010,,1605.0,790511.0,
23,2011,,965.0,655432.0,
23,2012,,683.0,725919.0,
23,2013,,0.0,825031.0,
23,2014,,409.0,220411.0,
24,2000,,0.0,,
24,2001,,0.0,,
24,2002,,0.0,,
24,2003,,3331.368,,
24,2004,,36709.4109,,
24,2005,,24083.05,,
24,2006,,101.0,0.0,
24,2007,,37014.0,13114.0,
24,2008,,11489.0,96802.0,
24,2009,,2097.0,182359.0,
24,2010,,3326.0,117433.0,
24,2011,,210863.0,184920.0,
24,2012,,371863.67,236184.0,
24,2013,,82707.0,79670.0,
24,2014,,155566.99952,74603.0,
25,2000,,0.0,,
25,2001,,0.0,,
25,2002,,0.0,,
25,2003,,3851.368,,
25,2004,,5255.633,150.0,
25,2005,,19010.26,,
25,2006,,0.0,448.0,
25,2007,,0.0,0.0,
25,2008,,10078.983,1799.0,
25,2009,,1218.0,252153.0,
25,2010,,0.0,0.0,
25,2011,,0.0,0.0,
25,2012,,0.0,0.0,
25,2013,,0.0,0.0,
25,2014,,0.0,0.0,
26,1999,0.1696,,,
26,2000,0.1696,0.0,,
26,2001,0.1696,0.0,,
26,2002,0.1696,0.0,,
26,2003,0.1696,0.0,,
26,2004,0.1696,70341.7978,,
26,2005,0.1696,156937.76,,61033.0
26,2006,0.1696,1364911.0,0.0,
26,2007,0.17,974691.0,22939.0,
26,2008,0.17,1024047.0,52988.0,157989.0
26,2009,0.33,1356418.0,506184.0,
26,2010,0.32,1622311.25,513990.0,19000.0
26,2011,0.32,1312198.0,345349.0,
26,2012,0.35,1971451.25,1126365.0,
26,2013,0.33,2216721.63,866596.0,
26,2014,0.22,1445094.0,1402316.0,170055.0
27,1999,0.1482,,,
27,2000,0.1482,0.0,,
27,2001,0.1482,0.0,,
27,2002,0.1482,16749.12,,
27,2003,0.1482,40621.368,,
27,2004,0.1482,33385.633,,
27,2005,0.1482,389328.92,,
27,2006,0.1482,270110.0,0.0,32808.0
27,2007,0.15,306329.79994,0.0,
27,2008,0.15,402624.0,178933.0,
27,2009,0.24,217115.5,254834.0,
27,2010,0.25,165639.0,311361.0,
27,2011,0.25,108385.0,246046.0,
27,2012,0.27,621767.0,467295.0,
27,2013,0.26,687265.0,868670.0,
27,2014,0.21,756920.6,1653305.0,
28,1999,0.1041,,,
28,2000,0.1041,0.0,,
28,2001,0.1041,0.0,,
28,2002,0.1041,0.0,,
28,2003,0.1041,22981.368,,
28,2004,0.1041,0.0,,
28,2005,0.1041,17014.059999999998,,
28,2006,0.1041,518.0,34306.0,
28,2007,0.1,41639.0,89804.0,33840.0
28,2008,0.1,96135.0,771090.0,33000.0
28,2009,0.12,82008.0,1346750.0,
28,2010,0.12,19540.0,1875992.0,
28,2011,0.13,32978.0,3204780.0,
28,2012,0.13,0.0,3422265.0,
28,2013,0.14,1814.0,3234901.0,
28,2014,0.15,2389.0,3484215.0,
29,2000,,0.0,,
29,2001,,0.0,,
29,2002,,-2210.88,,
29,2003,,3291.368,,
29,2004,,10749.20954,,
29,2005,,17860.8,,
30,2000,,0.0,,
30,2001,,0.0,,
30,2002,,-2140.88,,
30,2003,,0.0,,
30,2004,,0.0,,
30,2005,,0.0,,
30,2006,,0.0,82.0,
30,2007,,0.0,79745.0,
30,2008,,0.0,246654.0,
30,2009,,0.0,114206.0,
30,2010,,0.0,0.0,
30,2011,,0.0,0.0,
30,2012,,0.0,0.0,
30,2013,,0.0,0.0,
30,2014,,0.0,0.0,
31,1999,0.3362,,,
31,2000,0.3362,0.0,,
31,2001,0.3362,0.0,,
31,2002,0.3362,42957.415980000005,,
31,2003,0.3362,90661.368,,
31,2004,0.3362,227944.49264,,
31,2005,0.3362,59285.259999999995,,
31,2006,0.3362,431786.0,0.0,
31,2007,0.34,886088.2,1324218.0,
31,2008,0.34,1329143.0,3556404.0,
31,2009,0.51,1196460.04,5648702.0,35071.0
31,2010,0.49,1535761.0,8415022.0,136661.0
31,2011,0.6,5464657.0,9009269.0,31568.0
31,2012,0.56,9263055.1,11264886.0,
31,2013,0.58,12703813.94,14207865.0,
31,2014,0.79,4209762.7,18324485.0,
32,1999,0.05,,,
32,2000,0.05,0.0,,
32,2001,0.05,0.0,,
32,2002,0.05,0.0,,
32,2003,0.05,4952.568,29740.0,
32,2004,0.05,9774.233,72620.0,
32,2005,0.05,43065.8,,
32,2006,0.05,123509.97,196415.0,
32,2007,0.05,397089.0,171883.0,
32,2008,0.05,303133.0,430520.0,
32,2009,0.11,311143.0,535981.0,
32,2010,0.11,18989.0,560908.0,
32,2011,0.1,292258.0,903822.0,
32,2012,0.09,154268.0,1301113.0,
32,2013,0.1,93629.0,1538138.0,
32,2014,0.11,316656.0,1545904.0,
33,2000,,0.0,,
33,2001,,0.0,,
33,2002,,3397.12,,
33,2003,,3241.368,,
33,2004,,8635.633,,
33,2005,,0.0,,
33,2006,,16775.92,,
33,2007,,0.0,,
33,2008,,0.0,,
33,2009,,0.0,,
33,2010,,0.0,,
33,2011,,0.0,,
33,2012,,0.0,,
33,2013,,0.0,,
33,2014,,0.0,,
34,1999,0.0043,,,
34,2000,0.0043,0.0,,
34,2001,0.0043,0.0,4092.0,
34,2002,0.0043,14485.119999999999,,
34,2003,0.0043,11605.368,,
34,2004,0.0043,5489.88,,
34,2005,0.0043,87739.0,,
34,2006,0.0043,217888.50998,0.0,
34,2007,0.02,435315.0,0.0,
34,2008,0.05,367257.0,153335.0,
34,2009,0.05,356374.174,352627.0,
34,2010,0.04,249493.76000399,524157.0,
34,2011,0.04,209664.0,597812.0,
34,2012,0.05,156806.322,681535.0,
34,2013,0.05,236052.0,765388.0,
34,2014,0.05,292927.65484,1070488.0,
35,2000,,0.0,,
35,2001,,0.0,,
35,2002,,3248.66,,
35,2003,,0.0,255.0,
35,2004,,6123.5599999999995,,
35,2005,,103660.26,,
35,2006,,1072.0,,
35,2007,,0.0,,
35,2008,,0.0,,
35,2009,,0.0,,
35,2010,,0.0,,
35,2011,,0.0,,
35,2012,,0.0,,
35,2013,,0.0,,
35,2014,,0.0,,
36,1999,0.0064,,,
36,2000,0.0064,0.0,,
36,2001,0.0064,48439.929000000004,1050.0,
36,2002,0.0064,62989.35033,,
36,2003,0.0064,62403.868,1131.0,
36,2004,0.0064,27931.792999999998,56303.0,
36,2005,0.0064,276980.26,,
36,2006,0.0064,248925.24,90932.0,17600.0
36,2007,0.01,299860.0,913304.0,
36,2008,0.01,581016.0,1337074.0,
36,2009,0.01,225770.0,1574192.0,
36,2010,0.01,279125.0,2780223.0,
36,2011,0.01,270839.0,2307221.0,
36,2012,0.27,191516.0,3461632.0,
36,2013,0.27,441771.0,3851630.0,
36,2014,0.27,466670.0,3975322.0,
37,1999,0.9707,,,
37,2000,0.9707,0.0,,
37,2001,0.9707,374551.929,,
37,2002,0.9707,466640.12,2313883.0,
37,2003,0.9707,472838.368,2671735.0,
37,2004,0.9707,1437311.075,3819442.0,
37,2005,0.9707,2734213.1399999997,,40000.0
37,2006,0.9707,2923300.0,1340188.0,
37,2007,0.97,2761469.0,1573470.0,
37,2008,0.97,2427577.60001,507203.0,
37,2009,0.9,2997210.2,1233605.0,
37,2010,0.92,2204883.6,1596640.0,
37,2011,0.89,3007875.4,3154745.0,
37,2012,0.94,3222084.0,7747315.0,
37,2013,0.91,3534454.1,5715097.0,
37,2014,0.93,6021123.14,7467431.0,
38,1999,0.0,,,
38,2000,0.0,0.0,,
38,2001,0.0,47496.929000000004,,
38,2002,0.0,534431.12,,
38,2003,0.0,462388.368,,
38,2004,0.0,442229.663,,
38,2005,0.0,156250.26,,
38,2006,0.0,90105.03,0.0,
38,2007,0.0,1163.0,2294744.0,
38,2008,1.43,1388863.35939,4482486.0,77680.0
38,2009,1.32,1446719.177,7596002.0,143216.0
38,2010,1.33,750565.97,6789445.0,131204.0
38,2011,1.28,883844.0,7829664.0,94861.0
38,2012,1.33,1003785.0,9248730.0,
38,2013,1.37,666782.5,11473732.0,
38,2014,1.4,162925.88,12046559.0,
39,2000,,402056.34,,
39,2001,,1320303.929,,
39,2002,,0.0,,
39,2003,,0.0,,
39,2004,,0.0,,
39,2005,,0.0,,
40,1999,0.1133,,,
40,2000,0.1133,100366.34,119879.0,
40,2001,0.1133,347759.929,147496.0,
40,2002,0.1133,693770.12,316783.0,
40,2003,0.1133,275571.368,248611.0,
40,2004,0.1133,309809.033,273233.0,
40,2005,0.1133,155345.26,,
40,2006,0.1133,327649.0,251886.0,
40,2007,0.11,265742.0,196148.0,364920.0
40,2008,0.11,313111.0,448524.0,83344.0
40,2009,0.1,373543.0,707077.0,537434.0
40,2010,0.11,209910.0,997878.0,801174.0
40,2011,0.1,299755.0,935446.0,64680.0
40,2012,0.1,44751.0,1214339.0,47520.0
40,2013,0.11,223203.0,1281126.0,
40,2014,0.09,170852.754,1307413.0,37400.0
41,2000,,679793.34,,
41,2001,,937781.929,,
41,2002,,854692.12,,
41,2003,,1455699.708,,
41,2004,,1879164.66946,,
41,2005,,1510929.46,,
42,2000,,1215007.34,,
42,2001,,2459239.929,,
42,2002,,2354654.12378,,
42,2003,,1637839.36786,,
42,2004,,1187326.6326799998,,
42,2005,,955630.26,,
42,2006,,,,54850.0
42,2007,,,,53932.0
42,2008,,,,14000.0
43,1999,0.1119,,,
43,2000,0.1119,396787.34,1046526.0,
43,2001,0.1119,49619.929000000004,619457.0,
43,2002,0.1119,-209.8800000000001,2741516.00002,
43,2003,0.1119,111935.368,2012688.0,
43,2004,0.1119,412606.633,2469196.0,
43,2005,0.1119,951352.26,,136500.0
43,2006,0.1119,2128673.82,330296.0,217000.0
43,2007,0.11,1629421.99989,870919.0,557213.0
43,2008,0.11,1600629.0,1283911.0,589115.0
43,2009,0.1,985378.3333333334,877813.0,224353.0
43,2010,0.3,646163.0,3046997.0,689858.0
43,2011,0.31,982436.0,4317853.0,606058.0
43,2012,0.31,1003261.0,4657754.0,150470.0
43,2013,0.31,855910.72,4478719.0,234000.0
43,2014,0.35,1025565.5,5632125.0,
44,1999,0.0,,,
44,2000,0.0,51410.34,94357.0,
44,2001,0.0,85342.929,4515.0,
44,2002,0.0,225125.12,,
44,2003,0.0,3981.368,6342.0,
44,2004,0.0,37258.833,11565.0,
44,2005,0.0,50449.259999999995,,
44,2006,0.0,88355.2,156731.00264,
44,2007,0.0,137829.0,209256.0,
44,2008,0.0,74366.0,113684.0,
44,2009,0.0,1484.0,432834.0,
44,2010,0.0,0.0,940785.0,
44,2011,0.0,517.0,699967.0,
44,2012,0.0,0.0,590432.0,
44,2013,0.0,165.0,869442.0,
44,2014,0.0,308.0,1466009.0,
45,2000,,626602.34,,
45,2001,,380593.929,,
45,2002,,310109.12,,
45,2003,,253119.368,,
45,2004,,289353.333,,
45,2005,,0.0,,
46,1999,0.2046,,15058.0,
46,2000,0.2046,822299.34,124015.0,
46,2001,0.2046,490517.10539,53400.0,
46,2002,0.2046,507283.26,24999.0,
46,2003,0.2046,617340.92174,320004.0,
46,2004,0.2046,1031215.5480000001,188049.0,
46,2005,0.2046,840668.25,,28080.0
46,2006,0.2046,865575.11,219973.0,18708.0
46,2007,0.2,525145.8999,313941.0,66000.0
46,2008,0.2,1007597.72409,389593.0,67368.0
46,2009,0.19,872344.896,848724.0,115300.0
46,2010,0.2,668932.0,889661.0,35000.0
46,2011,0.19,554839.0,729932.0,
46,2012,0.2,743673.0,566517.0,
46,2013,0.21,457879.6,651484.0,4130.0
46,2014,0.19,455156.28006,828653.0,
47,1999,0.4001,,,
47,2000,0.4001,628965.34,,
47,2001,0.4001,647121.18037,,
47,2002,0.4001,542711.98,,
47,2003,0.4001,267786.1456,,
47,2004,0.4001,251598.21901,,
47,2005,0.4001,478750.01,,
47,2006,0.4001,267166.32,,
47,2007,0.4,725873.234,,
47,2008,0.4,540196.5,,
47,2009,0.49,334734.0,,
47,2010,0.5,636308.0,,
47,2011,0.5,699192.8,,
47,2012,0.5,736456.0,,
47,2013,0.48,709606.0,,
47,2014,0.49,500900.57,,
48,1999,0.0,,,
48,2000,0.0,0.0,109061.0,
48,2001,0.0,0.0,48787.0,
48,2002,0.0,0.0,43385.0,
48,2003,0.0,0.0,,
48,2004,0.0,31985.633,,
48,2005,0.0,89654.26,,
48,2006,0.0,286.825,0.0,
48,2007,0.0,127424.0,20291.5,
48,2008,0.0,60412.0,69948.0,
48,2009,0.06,107870.0,711282.0,78000.0
48,2010,0.04,125440.6,1103320.0,96000.0
48,2011,0.04,105059.0,1335169.0,48000.0
48,2012,0.04,7599.0,1163782.0,
48,2013,0.04,42491.0,1573955.0,13000.0
48,2014,0.04,12438.0,1752790.0,
49,1999,0.0,,,
49,2000,0.0,0.0,11076.0,
49,2001,0.0,0.0,7182.0,
49,2002,0.0,-1935.88,5285.0,
49,2003,0.0,3502.368,,
49,2004,0.0,0.0,200.0,
49,2005,0.0,0.0,,
49,2006,0.0,277.0,0.0,
49,2007,0.0,1085.0,571216.0,
49,2008,0.0,15139.0,2322176.0,
49,2009,0.0,28496.0,1814412.0,
49,2010,0.0,807.0,2216552.0,
49,2011,0.0,36575.0,3110073.0,
49,2012,0.0,9465.0,3610017.0,
49,2013,0.0,59056.0,4339520.0,
49,2014,0.0,13731.0,4856555.0,
50,1999,,,6594.0,
50,2000,,148175.34,421633.0,
50,2001,,47003.929000000004,283461.0,
50,2002,,182724.12,129872.0,
50,2003,,208902.368,383163.0,
50,2004,,96913.73300000001,94736.0,
50,2005,,0.0,,
51,1999,0.0,,,
51,2000,0.0,0.0,205169.0,
51,2001,0.0,0.0,23812.0,
51,2002,0.0,0.0,,
51,2003,0.0,0.0,,
51,2004,0.0,0.0,464576.0,
51,2005,0.0,46488.259999999995,,
51,2006,0.0,173211.355,573776.0,
51,2007,0.0,146814.53,224803.0,
51,2008,0.0,396261.0,316151.0,
51,2009,0.0,329365.0,444992.5,
51,2010,0.0,322821.0,595807.0,
51,2011,0.0,454282.0,2267778.0,
51,2012,0.0,848791.0,1756850.0,
51,2013,0.38,3623793.0,3803856.0,2227500.0
51,2014,0.37,4370281.021,8035235.0,2600000.0
52,1999,0.0,,4380.0,
52,2000,0.0,0.0,40650.0,
52,2001,0.0,13802.929,4607.0,
52,2002,0.0,71291.12,15642.0,
52,2003,0.0,0.0,97803.0,
52,2004,0.0,8455.633,,
52,2005,0.0,337080.9256,,
52,2006,0.0,0.0,63812.0,
52,2007,0.0,36008.0,210035.0,
52,2008,0.0,90810.0,794416.0,
52,2009,0.0,0.0,1139717.0,
52,2010,0.0,0.0,2469200.0,
52,2011,0.0,21143.797,4499107.0,
52,2012,0.0,6600.0,5483134.0,
52,2013,0.0,0.0,6829340.0,
52,2014,0.0,143.0,7718180.0,
53,1999,0.7121,,59396.0,
53,2000,0.7121,1223155.34,2466752.0,
53,2001,0.7121,1018234.929,212665.0,
53,2002,0.7121,1204964.4644000002,,
53,2003,0.7121,1639560.7214,44696.0,
53,2004,0.7121,1850430.24982,,
53,2005,0.7121,2587158.1279999996,,
53,2006,0.7121,1633246.638,5748.0,
53,2007,0.71,3922144.04199,186916.0,9049.0
53,2008,0.71,3380226.0,1450021.0,107176.0
53,2009,0.68,2673360.7,3481055.0,
53,2010,0.74,1963524.13,7886705.0,571515.0
53,2011,0.77,1872595.6,11114732.0,112120.0
53,2012,0.74,1506209.0,16084393.78448,
53,2013,0.72,2081895.0,16200149.0,21000.0
53,2014,0.89,3124152.7,15501845.0,229796.0
54,1999,0.0,,,
54,2000,0.0,0.0,192420.0,
54,2001,0.0,0.0,125140.0,
54,2002,0.0,0.0,94635.0,
54,2003,0.0,90273.068,460308.0,
54,2004,0.0,224231.833,243252.0,
54,2005,0.0,86403.45999999999,,
54,2006,0.0,2959.0,296956.0,
54,2007,0.0,8452.0,397798.0,
54,2008,0.0,26853.5,202498.0,
54,2009,0.0,6221.42,953839.0,
54,2010,0.0,4186.30001161,1805065.0,
54,2011,0.0,20591.0,1976324.0,
54,2012,0.0,77122.0,2130389.0,
54,2013,0.0,46365.0,2502598.0,
54,2014,0.0,17918.0,3183479.0,
55,2000,,4107513.34,,
55,2001,,3678729.429,,
55,2002,,3616887.2577500003,,
55,2003,,3886672.61488,,
55,2004,,3379807.29005,,
55,2005,,3920702.49572,,
55,2006,,2825299.48031,,
55,2007,,2271771.69802,,
55,2008,,1492167.291,,
55,2009,,0.0,,
55,2010,,0.0,,
55,2011,,0.0,,
55,2012,,0.0,,
55,2013,,0.0,,
55,2014,,0.0,,
56,1999,0.0038,,,
56,2000,0.0038,0.0,5915.0,
56,2001,0.0038,0.0,5889.0,
56,2002,0.0038,0.0,,
56,2003,0.0038,264775.368,40000.0,
56,2004,0.0038,549747.533,,
56,2005,0.0038,2416065.26,,
56,2006,0.0038,1048423.19,286198.0,
56,2007,0.01,1173018.0,351742.0,
56,2008,0.01,1068241.0,15818.0,
56,2009,0.01,876537.0,156410.0,
56,2010,0.01,796740.0,541415.0,
56,2011,0.01,981126.0,746947.0,
56,2012,0.14,1222214.0,669797.0,
56,2013,0.14,1082475.29,716077.0,
56,2014,0.13,1429815.0,1029027.0,
57,2000,,3837315.34,,
57,2001,,3955318.009,,
57,2002,,5806731.88384,,
57,2003,,5164946.96909,,
57,2004,,4961784.670890001,,
57,2005,,3596990.0603699996,,
58,1999,2.3127,,,
58,2000,2.3127,3194378.34,,
58,2001,2.3127,2086084.929,,
58,2002,2.3127,2999228.049,,
58,2003,2.3127,3627449.138,,
58,2004,2.3127,4364207.633,,
58,2005,2.3127,3151026.26,,79074.0
58,2006,2.3127,2153287.867,,70000.0
58,2007,2.31,2063692.0,,30000.0
58,2008,2.31,1959634.0,,57252.0
58,2009,2.07,956678.802,,591166.0
58,2010,2.13,989121.0,,747647.0
58,2011,2.15,740373.0,,57600.0
58,2012,2.28,832531.0,,361355.0
58,2013,2.28,626343.0,,
58,2014,2.0,1120676.0,,495664.0
59,2000,,1712405.34,,
59,2001,,972428.929,,
59,2002,,869228.32,,
59,2003,,1332038.4958,,
59,2004,,1258106.2352999998,,
59,2005,,956024.5586,,
60,1999,0.0,,,
60,2000,0.0,2044542.34,,
60,2001,0.0,1331632.929,,
60,2002,0.0,1817009.26361,,
60,2003,0.0,1968861.918,,
60,2004,0.0,2017674.6712699998,,
60,2005,0.0,795498.0,,
60,2006,0.0,,,
60,2007,0.0,,,
60,2008,0.0,,,
60,2009,0.0,,,
60,2010,0.0,,,
60,2011,0.0,,,
60,2012,0.0,,,
60,2013,0.0,,,
60,2014,0.0,,,
61,2000,,569741.34,,
61,2001,,543483.929,,
61,2002,,240817.12,,
61,2003,,603193.2317700001,,
61,2004,,963654.383,,
61,2005,,1054618.02,,391500.0
61,2006,,406157.6,,470316.0
61,2007,,0.0,,
61,2008,,0.0,,
61,2009,,0.0,,
61,2010,,0.0,,
61,2011,,0.0,,
61,2012,,0.0,,
61,2013,,0.0,,
61,2014,,0.0,,
62,2000,,3113761.34,,
62,2001,,4947195.929,,
62,2002,,5571404.12026,,
62,2003,,5021875.69266,,
62,2004,,5364805.05446,,
62,2005,,6714576.06502,,42120.0
62,2006,,6615195.80999,,
62,2007,,5049494.294,,
62,2008,,5610235.08594,,
62,2009,,6042066.8160004,,
62,2010,,5111584.73704,,
62,2011,,4338150.6199989,,
62,2012,,3325779.0,,
62,2013,,5103649.0,,
62,2014,,3435434.7,,
63,2000,,2266345.34,,
63,2001,,1950672.01052,,
63,2002,,2917286.19,,
63,2003,,3108606.6456299997,,
63,2004,,3409939.27805,,
63,2005,,3751756.20186,,
63,2006,,3024339.957,,
63,2007,,2010969.34835,,
63,2008,,0.0,,
63,2009,,0.0,,
63,2010,,0.0,,
63,2011,,0.0,,
63,2012,,0.0,,
63,2013,,0.0,,
63,2014,,0.0,,
64,2000,,834087.34,,
64,2001,,497694.929,,
64,2002,,641603.12,,
64,2003,,986627.96,,
64,2004,,1071762.8154399998,,
64,2005,,1565839.5788,,25120.0
64,2006,,57579.0,,
64,2007,,0.0,,
64,2008,,0.0,,
64,2009,,0.0,,
64,2010,,0.0,,
64,2011,,0.0,,
64,2012,,0.0,,
64,2013,,0.0,,
64,2014,,0.0,,
65,1999,0.42,,,
65,2000,0.42,1220903.34,,
65,2001,0.42,934565.029,,
65,2002,0.42,769345.15,,
65,2003,0.42,898430.1701400001,,
65,2004,0.42,1029264.633,,
65,2005,0.42,1511650.26,,190354.0
65,2006,0.42,1263416.0,,141510.0
65,2007,0.42,1173648.22,,135683.0
65,2008,0.42,1151706.78,,106588.0
65,2009,0.37,856529.14,,52235.0
65,2010,0.0,274189.0,,
65,2011,0.0,0.0,,
65,2012,0.0,0.0,,
65,2013,0.0,0.0,,
65,2014,0.0,0.0,,
66,1999,2.0435,,,
66,2000,2.0435,1978604.34,,
66,2001,2.0435,1925930.929,,
66,2002,2.0435,3349426.33008,,
66,2003,2.0435,4076323.618,,
66,2004,2.0435,3256061.293,,
66,2005,2.0435,3299630.7600999996,,199203.0
66,2006,2.0435,3752282.0,,227200.0
66,2007,2.05,2657157.0,,
66,2008,2.05,2464441.0,,40000.0
66,2009,2.14,1630693.464,,
66,2010,2.26,3062401.18,,
66,2011,2.23,4889232.0,,
66,2012,2.13,4490635.0,,
66,2013,2.19,4207083.0,,
66,2014,2.28,3497010.0,,
67,1999,0.9821,,,
67,2000,0.9821,1488297.34,,
67,2001,0.9821,2205692.929,,
67,2002,0.9821,1293639.0110000002,,
67,2003,0.9821,981116.368,,
67,2004,0.9821,1098379.63808,,
67,2005,0.9821,1672161.76,,
67,2006,0.9821,1350100.97117,,
67,2007,0.79,531422.4,,37150.0
67,2008,0.76,999950.0,,
67,2009,0.79,929739.4,,
67,2010,0.66,355394.8,,
67,2011,0.66,334877.0,,
67,2012,0.69,634307.72,,
67,2013,0.72,271350.02,,
67,2014,0.73,9936.0,,
68,2000,,1468306.34,,
68,2001,,1724950.929,,
68,2002,,1502567.88188,,
68,2003,,1691984.368,,
68,2004,,1576879.0329999998,,
68,2005,,1136921.26,,33600.0
69,2000,,1570110.34,,
69,2001,,1376057.929,,
69,2002,,566886.87,,
69,2003,,623938.3681600001,,
69,2004,,552131.80706,,
69,2005,,800147.8200000001,,25000.0
69,2006,,5753.49,,
69,2007,,0.0,,
69,2008,,0.0,,
69,2009,,0.0,,
69,2010,,0.0,,
69,2011,,0.0,,
69,2012,,0.0,,
69,2013,,0.0,,
69,2014,,0.0,,
70,1999,0.4239,,,
70,2000,0.4239,0.0,2528838.0,
70,2001,0.4239,0.0,26173.0,
70,2002,0.4239,0.0,90995.0,
70,2003,0.4239,34285.368,415595.52941,
70,2004,0.4239,89105.633,397584.0,
70,2005,0.4239,411866.26,,
70,2006,0.4239,657623.56,39418.0,
70,2007,0.42,518072.0,51172.0,
70,2008,0.42,502392.0,87232.0,22000.0
70,2009,0.42,460392.0,774767.0,
70,2010,0.41,236132.0,1425267.0,
70,2011,0.41,88031.0,3871005.0,
70,2012,0.41,165947.0,7932105.0,
70,2013,0.41,127030.05999944,9766655.0,
70,2014,0.43,71487.3,14264178.0,
71,1999,0.0,,188078.0,
71,2000,0.0,0.0,530143.0,
71,2001,0.0,0.0,547971.0,
71,2002,0.0,0.0,373654.0,
71,2003,0.0,43951.368,829735.0,
71,2004,0.0,0.0,,
71,2005,0.0,0.0,,
71,2006,0.0,955402.44894,0.0,
71,2007,0.0,714461.4,672390.4,
71,2008,0.0,1209178.0,1142754.4,
71,2009,0.0,1785003.0,1916365.0,
71,2010,0.0,1572489.4,1595206.0,
71,2011,0.0,3681017.42,538090.0,
71,2012,0.0,2891851.53,803252.0,
71,2013,0.0,1446386.205,380622.0,
71,2014,0.0,106978.8,123299.0,
72,1999,2.2071,,,
72,2000,2.2071,2412294.34,,
72,2001,2.2071,1727038.929,,
72,2002,2.2071,1436084.71955,,
72,2003,2.2071,2381724.83861,,
72,2004,2.2071,2859983.15914,,
72,2005,2.2071,4454532.24845,,
72,2006,2.2071,3371807.06,,230400.0
72,2007,2.21,2801600.0,,
72,2008,2.21,6278659.2,,251230.0
72,2009,2.12,5208664.0,,
72,2010,2.13,4438726.0,,93600.0
72,2011,2.08,1651125.0,,45000.0
72,2012,2.06,592198.0,,
72,2013,2.22,606268.1,,13600.0
72,2014,1.97,270200.0,,
73,1999,0.7851,,,
73,2000,0.7851,1324554.34,,
73,2001,0.7851,1709148.229,,
73,2002,0.7851,1788691.11898,,
73,2003,0.7851,2081307.53657,,
73,2004,0.7851,2156327.151,,
73,2005,0.7851,2491493.71,,39850.0
73,2006,0.7851,2686884.70601,,120000.0
73,2007,0.79,1209083.896,,
73,2008,0.79,1402484.302,,
73,2009,0.83,1346916.528,,
73,2010,0.86,1611122.213,,
73,2011,0.88,1868353.0,,
73,2012,0.87,1605689.0,,
73,2013,0.89,1152673.6,,
73,2014,1.1,1165141.0,,
74,2000,,168705.34,,
74,2001,,161352.929,,
74,2002,,0.0,,
74,2003,,0.0,,
74,2004,,0.0,,
74,2005,,0.0,,
75,2000,,1658228.34,,
75,2001,,1612831.929,,
75,2002,,1035419.61,,
75,2003,,1398610.218,,
75,2004,,977509.0680000001,,
75,2005,,1374720.15995,,
75,2006,,167429.0,,
75,2007,,0.0,,
75,2008,,0.0,,
75,2009,,0.0,,
75,2010,,0.0,,
75,2011,,0.0,,
75,2012,,0.0,,
75,2013,,0.0,,
75,2014,,0.0,,
76,1999,1.4879,,,
76,2000,1.4879,2968432.34,,
76,2001,1.4879,2751721.929,,
76,2002,1.4879,2633551.3000000003,,
76,2003,1.4879,2614279.963,,
76,2004,1.4879,2043319.653,,
76,2005,1.4879,2469008.1331999996,,
76,2006,1.4879,3273043.77721,,
76,2007,1.49,2956895.0,,
76,2008,1.49,3109708.92,,
76,2009,1.53,3002473.981995972,,
76,2010,1.52,2759073.289,,
76,2011,1.47,3045067.4,,
76,2012,1.41,2796456.3,,
76,2013,1.43,3158961.22,,
76,2014,1.54,2122400.8,,
77,1999,1.6904,,,
77,2000,1.6904,4857890.34,,
77,2001,1.6904,4599031.59378,,
77,2002,1.6904,4180907.24573,,
77,2003,1.6904,4116010.0008099996,,
77,2004,1.6904,4602926.92396,,
77,2005,1.6904,7159263.99831,,
77,2006,1.6904,4636987.275,,
77,2007,1.69,4931726.374,,
77,2008,1.69,4698494.882,,
77,2009,1.79,4107305.446054352,,
77,2010,1.83,3157395.725002114,,
77,2011,1.82,2228707.0,,
77,2012,1.89,1797721.0,,
77,2013,1.74,1578916.12,,
77,2014,1.61,1348304.29,,
78,1999,1.3578,,,
78,2000,1.3578,3437578.34,,
78,2001,1.3578,3422117.929,,
78,2002,1.3578,3351941.0300000003,,
78,2003,1.3578,3271236.0891199997,,
78,2004,1.3578,3609476.98796,,
78,2005,1.3578,3737291.6020299997,,167500.0
78,2006,1.3578,3776706.64621,,223599.0
78,2007,1.36,3054749.14,,139200.0
78,2008,1.36,3124028.63,,100000.0
78,2009,1.54,2704445.16,,120000.0
78,2010,1.43,2801169.67,,445000.0
78,2011,1.44,2684325.325,,790466.0
78,2012,1.46,3314433.25,,310444.0
78,2013,1.5,4096949.0,,950000.0
78,2014,1.3,3376517.75,,1348935.0
79,1999,1.0992,,,
79,2000,1.0992,1970017.34,,
79,2001,1.0992,1850377.929,,
79,2002,1.0992,2329301.19167,,
79,2003,1.0992,2187716.34,,
79,2004,1.0992,2352869.333,,
79,2005,1.0992,3427819.95449,,45000.0
79,2006,1.0992,4753913.98899,,
79,2007,0.99,3605534.51099,,
79,2008,1.01,5277451.07,,
79,2009,1.13,3772815.0,,
79,2010,1.12,1796855.00005,,
79,2011,1.11,1553222.0,,
79,2012,1.13,1413019.0,,79285.0
79,2013,1.06,1460897.0,,
79,2014,1.01,842780.0,,
80,1999,2.6012,,,
80,2000,2.6012,6444015.34,,
80,2001,2.6012,6781144.948999999,,
80,2002,2.6012,6239236.67198,,
80,2003,2.6012,8355672.32744,,
80,2004,2.6012,7872698.848200001,,
80,2005,2.6012,8953292.76,,
80,2006,2.6012,5656863.0,,
80,2007,2.61,3280786.0,,
80,2008,2.66,3041716.0,,
80,2009,2.64,2714384.5,,
80,2010,2.52,3052290.755,,25872.0
80,2011,2.49,3041812.0,,
80,2012,2.32,4214652.0,,
80,2013,2.34,5209704.07,,
80,2014,1.75,4539014.0,,
81,2000,,2156279.34,,
81,2001,,2328370.729,,
81,2002,,3058433.13474,,
81,2003,,2800282.2207299997,,
81,2004,,2656386.90349,,
81,2005,,2346287.26,,
81,2006,,1890915.16781,,
81,2007,,1407456.15,,
81,2008,,0.0,,
81,2009,,0.0,,
81,2010,,0.0,,
81,2011,,0.0,,
81,2012,,0.0,,
81,2013,,0.0,,
81,2014,,0.0,,
82,2000,,2074024.34,,
82,2001,,2363168.929,,
82,2002,,3193326.72,,
82,2003,,3087331.0687499996,,
82,2004,,3620616.633,,
82,2005,,2676649.0399999996,,
83,1999,0.4195,,,
83,2000,0.4195,824745.34,,
83,2001,0.4195,707526.929,,
83,2002,0.4195,851157.12,,
83,2003,0.4195,1150925.188,,
83,2004,0.4195,665940.153,,
83,2005,0.4195,1667485.26,,
83,2006,0.4195,738927.0,,38808.0
83,2007,0.42,738428.88,,
83,2008,0.42,699578.0,,
83,2009,0.39,420350.0,,
83,2010,0.4,315772.0,,
83,2011,0.4,313864.0,,
83,2012,0.41,347881.0,,
83,2013,0.41,340611.0,,
83,2014,0.48,258820.6,,
84,1999,0.8826,,,
84,2000,0.8826,894350.34,,
84,2001,0.8826,759832.929,,
84,2002,0.8826,927085.88188,,
84,2003,0.8826,1099098.36808,,
84,2004,0.8826,919434.393,,
84,2005,0.8826,1168777.26,,
84,2006,0.8826,1548275.0,,
84,2007,0.84,703769.24,,
84,2008,0.84,783203.0,,
84,2009,0.86,586304.001,,
84,2010,0.83,370458.36,,
84,2011,0.85,152582.0,,
84,2012,0.52,359275.0,,
84,2013,0.53,464642.84,,
84,2014,0.48,345879.84,,
85,1999,0.485,,,
85,2000,0.485,2764306.34,,
85,2001,0.485,2217124.929,,
85,2002,0.485,1588394.62,,
85,2003,0.485,1684509.6236100001,,
85,2004,0.485,1452727.3639,,
85,2005,0.485,1800444.6300000001,,138301.0
85,2006,0.485,1887734.0,,244916.0
85,2007,0.48,2135911.0,,120000.0
85,2008,0.48,1593578.0,,50000.0
85,2009,0.6,1384042.0,,33115.0
85,2010,1.16,1312682.0,,59551.0
85,2011,1.05,1327235.0,,27054.0
85,2012,0.0,848575.0,,22103.0
85,2013,0.0,24.0,,
85,2014,0.48,489651.0,,10505.0
86,2000,,773670.34,,
86,2001,,993311.929,,
86,2002,,646932.12,,
86,2003,,127553.368,,
86,2004,,0.0,,
86,2005,,0.0,,
87,1999,1.3398,,,
87,2000,1.3398,3503882.34,,
87,2001,1.3398,3336202.92868,,
87,2002,1.3398,3636150.6789,,
87,2003,1.3398,2653310.948,,
87,2004,1.3398,2491713.10202,,
87,2005,1.3398,3559128.0870399997,,67500.0
87,2006,1.3398,4454712.13306,,
87,2007,1.34,2784280.987,,88923.0
87,2008,1.34,2923072.88818,,38000.0
87,2009,1.35,2015000.769,,
87,2010,1.43,1707271.351,,54000.0
87,2011,1.47,1058269.0,,107460.0
87,2012,1.42,2825552.4,,
87,2013,1.43,1202439.48738,,
87,2014,1.79,1323915.61728,,
88,1999,2.6666,,,
88,2000,2.6666,6792518.34,,
88,2001,2.6666,7104165.929,,
88,2002,2.6666,7331021.16167,,
88,2003,2.6666,6739312.668099999,,
88,2004,2.6666,7263315.08334,,
88,2005,2.6666,5866233.77,,
88,2006,2.6666,3624234.0,,102758.0
88,2007,2.66,3831601.197,,28725.0
88,2008,2.66,3296558.7,,46240.0
88,2009,2.66,3121763.86,,34560.0
88,2010,2.71,2507425.59,,87900.0
88,2011,2.64,2026027.0,,40000.0
88,2012,2.55,2224293.0,,23100.0
88,2013,2.71,2221393.94,,9600.0
88,2014,2.33,754579.0,,
89,2000,,1215070.34,,
89,2001,,1087763.929,,
89,2002,,1151932.12,,
89,2003,,1213285.368,,
89,2004,,997319.633,,
89,2005,,848629.26,,
90,1999,1.8689,,,
90,2000,1.8689,4088899.34,,
90,2001,1.8689,4770770.598999999,,
90,2002,1.8689,3891121.64997,,
90,2003,1.8689,4267376.613609999,,
90,2004,1.8689,4334062.527000001,,
90,2005,1.8689,5980789.79,,255200.0
90,2006,1.8689,5368669.14488,,471482.0
90,2007,1.87,7412990.55585,,462722.0
90,2008,1.87,10309214.739,,726060.0
90,2009,1.97,5546319.136,,732087.0
90,2010,1.82,7643410.12336,,1764383.0
90,2011,1.86,7796144.85099164,,693850.0
90,2012,1.8,8301160.37,,1356440.0
90,2013,1.84,10725698.195,,519691.0
90,2014,1.51,7592637.8958,,522874.0
91,1999,1.1147,,,
91,2000,1.1147,3219094.34,,
91,2001,1.1147,3040218.59567,,
91,2002,1.1147,3020646.0315,,
91,2003,1.1147,3175246.36795,,
91,2004,1.1147,3502829.708,,
91,2005,1.1147,4195802.68499,,
91,2006,1.1147,4215137.132,,
91,2007,1.12,3405325.7,,
91,2008,1.12,2780440.4,,401400.0
91,2009,1.3,1946768.0,,271728.0
91,2010,1.3,2557281.63,,166000.0
91,2011,1.25,2895712.5,,72000.0
91,2012,1.2,3492606.96,,
91,2013,1.21,2516893.06,,
91,2014,1.31,1015310.0,,
92,1999,0.2865,,,
92,2000,0.2865,1467627.34,,
92,2001,0.2865,1236202.929,,
92,2002,0.2865,1134145.12,,
92,2003,0.2865,761906.368,,
92,2004,0.2865,665237.58489,,
92,2005,0.2865,739563.76,,
92,2006,0.2865,1075076.2743,,
92,2007,0.29,1282811.19594,,
92,2008,0.29,1491717.0,,
92,2009,0.27,1538855.6,,
92,2010,0.27,1237125.9798663,,
92,2011,0.24,774041.0,,85220.0
92,2012,0.26,1108399.0,,546793.0
92,2013,0.26,1306446.25,,324445.0
92,2014,0.23,1124145.0,,709639.0
93,1999,0.5533,,,
93,2000,0.5533,1262458.34,,
93,2001,0.5533,1164904.929,,
93,2002,0.5533,1221147.1405200001,,
93,2003,0.5533,1213894.22798,,
93,2004,0.5533,1582005.233,,
93,2005,0.5533,1181742.79,,
93,2006,0.5533,2646667.21311,,
93,2007,0.55,2875455.0,,
93,2008,0.55,2119050.0,,
93,2009,0.56,2129104.84,,
93,2010,0.57,1438633.0,,14971.0
93,2011,0.59,1350281.0,,5856.0
93,2012,0.61,960185.0,,3216.0
93,2013,0.61,670699.0,,
93,2014,0.61,822316.0,,7800.0
94,1999,1.4291,,,
94,2000,1.4291,3834371.34,,
94,2001,1.4291,2728276.63486,,
94,2002,1.4291,1754363.61,,
94,2003,1.4291,2463909.7897099997,,
94,2004,1.4291,2117229.4329999997,,
94,2005,1.4291,3080872.67176,,770097.0
94,2006,1.4291,2301782.6467,,650685.0
94,2007,1.43,2817021.0,,216465.0
94,2008,1.31,3012472.0,,343148.0
94,2009,1.56,2249702.785,,712418.0
94,2010,1.63,2329428.259,,915413.0
94,2011,1.58,1865050.475,,249000.0
94,2012,1.47,2749469.56,,587136.0
94,2013,1.44,2507138.42,,975682.0
94,2014,1.05,2136426.92,,74500.0
95,1999,,,86736.0,
95,2000,,22032.34,80515.0,
95,2001,,0.0,1489.0,
95,2002,,39299.12,,
95,2003,,146694.368,,
95,2004,,45361.633,,
95,2005,,21548.26,,
95,2006,,79134.0,2286675.0,
95,2007,,2156.0,3024736.0,
95,2008,,66282.44,3822614.0,
95,2009,,13500.0,2762188.0,
95,2010,,75918.0,1157757.0,
95,2011,,18627.0,962119.00004,
95,2012,,19794.0,1283750.0,
95,2013,,891.0,2323532.0,
95,2014,,0.0,2569189.0,
96,1999,,,72710.0,
96,2000,,0.0,909450.0,
96,2001,,0.0,282609.0,
96,2002,,-1944.88,57901.0,
96,2003,,3721.368,,
96,2004,,0.0,33115.0,
96,2005,,0.0,,
96,2006,,128.11,163531.0,
96,2007,,35238.0,117021.0,
96,2008,,37800.0,643513.0,
96,2009,,0.0,1099921.3,
96,2010,,0.0,1212493.0,
96,2011,,3409.0,1285852.0,
96,2012,,2600.0,1058827.0,
96,2013,,4728.0,830633.0,
96,2014,,26442.0,1214052.0,
97,1999,0.1076,,,
97,2000,0.1076,263521.34,8817.0,
97,2001,0.1076,428971.929,4428.0,
97,2002,0.1076,141992.12,,
97,2003,0.1076,129652.368,,
97,2004,0.1076,77273.633,,
97,2005,0.1076,166159.26,,
97,2006,0.1076,457924.0,451.0,
97,2007,0.11,325712.74787,0.0,
97,2008,0.11,329175.46,45350.0,
97,2009,0.1,392896.7828883147,182873.5,
97,2010,0.09,511262.0,144772.0,
97,2011,0.09,309227.0,253359.0,31758.0
97,2012,0.1,510613.17,386458.0,75215.0
97,2013,0.1,470335.44,243260.0,76253.0
97,2014,0.08,322718.81,533514.0,21280.0
98,1999,0.9079,,,
98,2000,0.9079,1666415.34,51944.0,
98,2001,0.9079,1749110.929,14643.0,
98,2002,0.9079,2307344.12,97028.0,
98,2003,0.9079,2291638.368,135751.0,
98,2004,0.9079,2658831.333,394852.0,
98,2005,0.9079,3596597.26,,
98,2006,0.9079,1990133.0,291605.0,
98,2007,0.91,2788958.0,231394.0,
98,2008,0.91,1433420.0,379716.0,280000.0
98,2009,0.56,240069.0,963729.0,
98,2010,0.58,72473.0,954177.0,
98,2011,0.59,70821.0,1171920.0,
98,2012,0.59,5319.0,1355644.0,
98,2013,0.6,41586.0,1060991.0,
98,2014,0.47,79855.38,3022234.0,
99,1999,0.0,,1660.0,
99,2000,0.0,57711.34,835072.0,
99,2001,0.0,257628.529,117756.0,
99,2002,0.0,88345.76,89190.0,
99,2003,0.0,141344.04165,125090.5,
99,2004,0.0,98438.633,44581.0,
99,2005,0.0,100998.06,,
99,2006,0.0,64293.5,215566.0,
99,2007,0.0,137871.7,307991.0,
99,2008,0.0,143617.77,868808.0,
99,2009,0.0,182004.645,1492616.0,
99,2010,0.0,71907.3,2713258.0,
99,2011,0.0,258662.0,3192531.0,
99,2012,0.0,74683.752,3641816.0,
99,2013,0.0,171254.0,4190205.0,
99,2014,0.0,43685.0,4782121.0,
100,1999,0.0,,,
100,2000,0.0,297945.34,55479.0,
100,2001,0.0,364495.929,18445.0,
100,2002,0.0,534655.12,,
100,2003,0.0,233895.868,21572.5,
100,2004,0.0,372721.383,,
100,2005,0.0,77975.26,,
100,2006,0.0,93016.0,95398.0,83719.0
100,2007,0.01,878356.0,376216.0,19143.0
100,2008,0.01,740825.0,610710.0,40320.0
100,2009,0.01,304562.0,807640.0,45000.0
100,2010,0.01,274739.0,1231948.0,
100,2011,0.01,265391.66,1271983.0,
100,2012,0.01,357182.0,2082897.0,
100,2013,0.01,496285.96,2007814.0,
100,2014,0.01,181663.0,3008179.0,70000.0
101,1999,0.0,,,
101,2000,0.0,47314.34,392.0,
101,2001,0.0,17144.929,,
101,2002,0.0,1161.12,10767.0,
101,2003,0.0,4133.368,,
101,2004,0.0,0.0,,
101,2005,0.0,16755.26,,
101,2006,0.0,5488.0,0.0,
101,2007,0.0,1919.0,23713.0,
101,2008,0.0,3762.0,104009.0,
101,2009,0.0,9822.0,305090.0,
101,2010,0.0,0.0,552457.0,
101,2011,0.0,0.0,738465.0,
101,2012,0.0,41273.0,1185165.0,
101,2013,0.0,434.0,1266106.0,
101,2014,0.0,176.0,1368323.0,
102,1999,0.0,,26093.0,
102,2000,0.0,1025983.34,252679.0,
102,2001,0.0,751656.929,356463.0,
102,2002,0.0,678388.73212,204419.0,
102,2003,0.0,546698.478,443483.0,
102,2004,0.0,775281.233,250271.0,
102,2005,0.0,1996915.3720800001,,
102,2006,0.0,149180.0,276073.0,
102,2007,0.0,12225.0,554301.0,
102,2008,0.47,754641.25,466586.0,
102,2009,0.39,938359.1891038333,1444000.0,
102,2010,0.4,777615.083,2176763.0,35170.0
102,2011,0.4,832751.2422,2949019.0,28704.0
102,2012,0.4,596411.0,4430482.0,8000.0
102,2013,0.4,697242.0,6159098.0,39178.0
102,2014,0.51,742397.0,5812906.0,
103,1999,0.0,,8741.0,
103,2000,0.0,0.0,106541.0,
103,2001,0.0,8705.929,61766.0,
103,2002,0.0,11707.119999999999,187472.0,
103,2003,0.0,0.0,101903.0,
103,2004,0.0,53233.633,83808.0,
103,2005,0.0,61061.259999999995,,
103,2006,0.0,47958.0,473609.0,
103,2007,0.0,465526.0,254637.0,
103,2008,0.0,167136.0,240793.0,
103,2009,0.0,130535.0,444838.0,
103,2010,0.0,27157.26,705302.0,
103,2011,0.0,365350.0,929834.0,
103,2012,0.0,43780.0,1144914.0,
103,2013,0.0,2797.0,1082330.0,
103,2014,0.0,67951.0,1309350.0,
104,2000,,283206.34,,
104,2001,,235455.929,,
104,2002,,39947.12,,
104,2003,,0.0,,
104,2004,,0.0,,
104,2005,,0.0,,
105,1999,0.0,,6165.0,
105,2000,0.0,0.0,25018.0,
105,2001,0.0,0.0,38757.0,
105,2002,0.0,0.0,12131.0,
105,2003,0.0,0.0,25390.0,
105,2004,0.0,0.0,5222.0,
105,2005,0.0,16735.504999999997,,
105,2006,0.0,5.245,11346.0,
105,2007,0.0,0.0,16169.0,
105,2008,0.0,32062.0,118880.99967,
105,2009,0.0,43680.0,508093.12966,
105,2010,0.0,0.0,845329.0,
105,2011,0.0,97350.0,994443.0,
105,2012,0.0,0.0,1168291.0,
105,2013,0.0,0.0,1209112.0,
105,2014,0.0,0.0,1304499.0,
106,1999,0.0,,,
106,2000,0.0,304965.34,206826.0,
106,2001,0.0,153920.929,94551.0,
106,2002,0.0,138936.12057,,
106,2003,0.0,66835.368,35600.0,
106,2004,0.0,126552.033,39756.0,
106,2005,0.0,195311.26,,
106,2006,0.0,189608.3,341101.29,
106,2007,0.0,181811.2,342411.78,
106,2008,0.0,150470.0,1988440.0,
106,2009,0.0,71536.25,2359805.13,
106,2010,0.0,54166.0,3470444.0,
106,2011,0.0,99322.0,3762133.0,
106,2012,0.0,272814.0,3975747.0,
106,2013,0.0,47148.0,4858918.0,
106,2014,0.0,178038.0,5687581.0,
107,1999,0.6783,,8255.0,
107,2000,0.6783,1049217.34,75450.0,
107,2001,0.6783,778511.929,77383.0,
107,2002,0.6783,980776.78787,139308.0,
107,2003,0.6783,1322318.368,262711.0,
107,2004,0.6783,922129.633,371749.5,
107,2005,0.6783,848291.5,,66960.0
107,2006,0.6783,1194091.4,362059.5,85150.0
107,2007,0.68,1713748.0,234530.5,
107,2008,0.68,1401902.0,62637.0,30468.0
107,2009,0.33,625971.5,364014.0,
107,2010,0.32,385567.0,224151.0,
107,2011,0.32,305214.0,252779.0,
107,2012,0.35,1086934.0,342428.0,
107,2013,0.33,384696.0,583780.0,
107,2014,0.22,268260.0,628334.0,
108,1999,0.0,,,
108,2000,0.0,92320.34,808703.0,
108,2001,0.0,54936.929000000004,1556358.0,
108,2002,0.0,143980.12,2021229.0,
108,2003,0.0,270449.3674,1346007.0,
108,2004,0.0,773475.733,1144944.0,
108,2005,0.0,778244.26,,
108,2006,0.0,534270.0,1050649.0,52060.0
108,2007,0.0,523596.0,836936.0,
108,2008,0.0,777709.0,1066653.0,
108,2009,0.0,320565.0,1834380.0,
108,2010,0.0,316902.35396,2393369.0,
108,2011,0.0,430757.0,2131973.0,
108,2012,0.0,143810.0,2119189.0,38400.0
108,2013,0.0,62760.0,1990755.0,28560.0
108,2014,0.0,6028.0,2524885.0,
109,1999,0.0,,,
109,2000,0.0,468513.34,986255.0,
109,2001,0.0,556103.929,301543.0,
109,2002,0.0,378701.1185,384643.86,
109,2003,0.0,644886.868,256465.0,
109,2004,0.0,769456.383,191840.0,
109,2005,0.0,150287.439,,
109,2006,0.0,305950.389,641505.0,
109,2007,0.0,175903.25,792866.0,
109,2008,0.0,64962.0,643355.0,
109,2009,0.0,211273.0,947942.0,
109,2010,0.0,574356.0,1049166.0,155520.0
109,2011,0.0,607422.0,1072099.0,71826.0
109,2012,0.0,570661.0,1289077.0,
109,2013,0.0,649711.0,1580022.0,
109,2014,0.0,503039.0,1812064.0,3456.0
110,1999,0.0,,276698.0,
110,2000,0.0,0.0,2489340.0,
110,2001,0.0,8489.929,2768756.0,
110,2002,0.0,-2230.88,2890116.0,
110,2003,0.0,32581.368,2299489.0,
110,2004,0.0,62785.633,1451464.0,
110,2005,0.0,17675.66,,
110,2006,0.0,1009389.612,2435281.0,
110,2007,0.0,862265.0,3408368.0,
110,2008,0.0,630842.0,2301798.0,
110,2009,0.0,786133.215,3191140.0,
110,2010,0.0,855379.098,3425756.0,
110,2011,0.0,940160.43,2869934.0,
110,2012,0.0,1099269.0,3107291.0,
110,2013,0.0,1170664.93,3121281.0,
110,2014,0.0,867011.72,5300336.0,
111,1999,0.0,,5370.0,
111,2000,0.0,0.0,1024916.0,
111,2001,0.0,0.0,779126.0,
111,2002,0.0,0.0,823617.0,
111,2003,0.0,0.0,692397.0,
111,2004,0.0,41537.633,950441.5,
111,2005,0.0,16966.26,,
111,2006,0.0,1621.0,374263.0,
111,2007,0.0,0.0,336284.0,
111,2008,0.0,7740.0,1035892.5,
111,2009,0.0,0.0,1575008.5,
111,2010,0.0,0.0,2211051.0,
111,2011,0.0,85330.0,2941579.0,
111,2012,0.0,0.0,2935719.0,
111,2013,0.0,0.0,3178187.0,
111,2014,0.0,121176.0,4845379.0,
112,1999,0.0,,,
112,2000,0.0,108768.34,108516.0,
112,2001,0.0,97891.929,43207.0,
112,2002,0.0,127978.12,21600.0,
112,2003,0.0,7479.368,366.0,
112,2004,0.0,130121.633,30.0,
112,2005,0.0,34621.259999999995,,
112,2006,0.0,4340.0,58683.0,
112,2007,0.0,517.0,66733.0,
112,2008,0.0,40550.0,144090.0,
112,2009,0.0,17513.0,389394.0,
112,2010,0.0,49502.0,875841.0,
112,2011,0.0,35295.75999832,1038097.0,
112,2012,0.09,40222.0,1023812.0,
112,2013,0.09,31288.0,1263398.0,
112,2014,0.09,116511.0,1111578.0,
113,1999,0.2602,,17630.0,
113,2000,0.2602,104158.34,254996.0,
113,2001,0.2602,0.0,70577.0,
113,2002,0.2602,-2074.88,55996.0,
113,2003,0.2602,33991.368,65535.0,
113,2004,0.2602,35993.633,1755.0,
113,2005,0.2602,223205.26,,
113,2006,0.2602,122869.00004,2602.0,
113,2007,0.19,204922.51,219666.0,16719.0
113,2008,0.19,197944.31,408437.0,
113,2009,0.16,273218.4,584042.0,
113,2010,0.17,218827.7,1286577.0,
113,2011,0.18,376615.9,1817531.0,
113,2012,0.18,283872.94,2553460.0,
113,2013,0.17,189502.0,2872717.0,
113,2014,0.22,323064.9,3633369.0,36000.0
114,1999,0.0,,,
114,2000,0.0,50638.34,376197.0,
114,2001,0.0,79296.929,238062.0,
114,2002,0.0,202317.12,283329.0,
114,2003,0.0,152900.368,72798.0,
114,2004,0.0,32786.433,67.0,
114,2005,0.0,74274.26,,
114,2006,0.0,307904.0,438105.0,43350.0
114,2007,0.0,1991.0,292253.0,64000.0
114,2008,0.0,48327.0,496682.0,
114,2009,0.0,2127.0,713411.0,
114,2010,0.0,40665.0,1437688.0,
114,2011,0.0,435.0,1596601.0,
114,2012,0.0,16165.0,1638832.0,
114,2013,0.0,13336.0,2012547.0,
114,2014,0.0,48.0,2333486.0,
115,1999,0.0,,,
115,2000,0.0,128445.34,104200.0,
115,2001,0.0,304976.629,8051.0,
115,2002,0.0,201396.9859,273.0,
115,2003,0.0,384741.128,2304.0,
115,2004,0.0,294187.273,33526.0,
115,2005,0.0,179891.26,,
115,2006,0.0,84071.63001,207519.0,
115,2007,0.0,300703.0,160593.0,
115,2008,0.0,321220.936,247538.0,
115,2009,0.0,625917.7,921982.0,53332.0
115,2010,0.0,479195.8,1734928.0,
115,2011,0.0,2465461.0,2226899.0,
115,2012,0.0,800648.0,3520470.0,
115,2013,0.0,787453.647,5381464.0,44352.0
115,2014,0.38,856873.93984,7022163.0,
116,1999,0.0,,,
116,2000,0.0,90029.34,87938.0,
116,2001,0.0,108756.929,592.0,
116,2002,0.0,111338.12,3851.0,
116,2003,0.0,86565.368,,
116,2004,0.0,117610.933,,
116,2005,0.0,48280.259999999995,,
116,2006,0.0,60819.0,0.0,109047.0
116,2007,0.0,36784.0,247834.0,14300.0
116,2008,0.0,10076.0,208547.55,
116,2009,0.0,15099.0,470602.34,
116,2010,0.0,31920.0,586879.0,10800.0
116,2011,0.0,10959.0,569617.0,3872.0
116,2012,0.0,38316.0,673159.0,
116,2013,0.0,145680.472,1059309.0,40000.0
116,2014,0.0,113058.0,1091004.0,
117,1999,0.0,,,
117,2000,0.0,0.0,,
117,2001,0.0,0.0,43187.0,
117,2002,0.0,0.0,7960.0,
117,2003,0.0,38119.368,60065.0,
117,2004,0.0,61385.633,21037.0,
117,2005,0.0,84105.26,,
117,2006,0.0,370577.0,137653.0,
117,2007,0.0,199714.0,1274791.0,
117,2008,0.19,354023.0,973429.9,
117,2009,0.18,437429.5,1188819.75,
117,2010,0.17,293586.0,1948191.0,
117,2011,0.17,281535.43,1900352.0,
117,2012,0.16,222877.6,2213964.0,
117,2013,0.16,310862.75,1455637.0,86054.0
117,2014,0.17,534946.7,2218745.0,
118,1999,0.2785,,,
118,2000,0.2785,754475.34,315277.0,
118,2001,0.2785,552260.929,83359.0,
118,2002,0.2785,322907.11878,,
118,2003,0.2785,190967.16799999998,1095.0,
118,2004,0.2785,891046.0252,295221.0,
118,2005,0.2785,2513764.34,,102501.0
118,2006,0.2785,4172624.97401,192574.5,30650.0
118,2007,0.28,2549935.48,456364.0,
118,2008,0.28,2249951.452,679807.0,
118,2009,0.23,1823228.62,1679637.0,
118,2010,0.22,2200216.0388663,2313536.0,
118,2011,0.22,2071068.0,2096678.0,
118,2012,0.22,1788516.0,2558406.0,
118,2013,0.21,1696142.0,2839211.0,
118,2014,0.22,1758985.0,2625413.0,
119,1999,0.0,,,
119,2000,0.0,38721.34,300.0,
119,2001,0.0,170563.929,,
119,2002,0.0,109354.12,30240.0,
119,2003,0.0,11821.368,,
119,2004,0.0,103191.633,,
119,2005,0.0,137342.75992,,
119,2006,0.0,51326.0,0.0,
119,2007,0.0,77841.0,0.0,
119,2008,0.0,73470.0,400999.0,
119,2009,0.01,715106.0,362554.0,24760.0
119,2010,0.01,1008350.79,733356.0,57290.0
119,2011,0.01,650206.78,985449.0,54274.0
119,2012,0.08,1418416.31,1252855.0,87777.0
119,2013,0.08,1424148.1,1757989.0,176051.0
119,2014,0.08,1235020.8,1280793.0,119472.0
120,1999,0.0,,18498.0,
120,2000,0.0,0.0,195322.0,
120,2001,0.0,0.0,145082.0,
120,2002,0.0,0.0,176625.0,
120,2003,0.0,0.0,112120.0,
120,2004,0.0,122193.633,251887.0,
120,2005,0.0,65215.259999999995,,
120,2006,0.0,23353.0,156120.0,
120,2007,0.0,32458.0,241734.0,
120,2008,0.23,211128.0,849011.0,
120,2009,0.23,10972.0,837045.0,
120,2010,0.23,48155.68,801555.0,
120,2011,0.22,14977.0,1071938.0,
120,2012,0.21,5590.0,1057068.0,
120,2013,0.23,33741.0,1247554.0,
120,2014,0.18,40111.0,1409187.0,
121,1999,0.0535,,21743.0,
121,2000,0.0535,0.0,585213.0,
121,2001,0.0535,0.0,37551.0,
121,2002,0.0535,0.0,40138.0,
121,2003,0.0535,3303.368,16790.0,
121,2004,0.0535,166694.633,1968.0,
121,2005,0.0535,258192.26,,
121,2006,0.0535,636257.4,78171.0,
121,2007,0.05,428254.0,123352.68,
121,2008,0.05,643198.08,181847.6,
121,2009,0.05,458261.4,300240.2,
121,2010,0.06,549513.25,118196.0,
121,2011,0.05,507632.4,122985.0,
121,2012,0.06,110601.0,206211.0,
121,2013,0.06,360748.0,325649.0,
121,2014,0.06,118055.0,549031.0,
122,1999,0.2396,,3086.0,
122,2000,0.2396,171931.34,1017124.0,
122,2001,0.2396,135153.929,95101.0,
122,2002,0.2396,332460.42,500.0,
122,2003,0.2396,45599.368,,
122,2004,0.2396,9406.593,,
122,2005,0.2396,117807.76,,
122,2006,0.2396,587290.79998,0.0,
122,2007,0.24,1394607.0,696073.0,
122,2008,0.24,1033994.36,1170333.0,
122,2009,0.22,647885.36,2578253.0,
122,2010,0.22,528573.4,3631231.0,
122,2011,0.22,304744.0,3959630.0,
122,2012,0.23,355899.0,1354903.0,
122,2013,0.21,456829.0,1420362.0,
122,2014,0.21,301903.0,1510706.0,
123,1999,0.4007,,6153.0,
123,2000,0.4007,139666.34,616599.0,
123,2001,0.4007,81294.929,776871.0,
123,2002,0.4007,69149.12,781162.0,
123,2003,0.4007,138187.408,823623.0,
123,2004,0.4007,68380.633,339208.0,
123,2005,0.4007,51328.759999999995,,
123,2006,0.4007,73276.45,102209.0,
123,2007,0.4,52570.0,710934.0,
123,2008,0.4,5365.5,603531.0,
123,2009,0.38,79243.0,1056119.95,
123,2010,0.37,25798.0,1611666.0,
123,2011,0.37,76246.88,1835403.0,
123,2012,0.39,1279.0,1871316.0,
123,2013,0.38,28066.0,2906674.0,
123,2014,0.33,8265.0,2887129.0,
124,1999,0.162,,,
124,2000,0.162,552461.34,25178.0,
124,2001,0.162,593234.929,6397.0,
124,2002,0.162,619041.12,11642.0,
124,2003,0.162,551319.81244,60952.0,
124,2004,0.162,379720.54299999995,212727.0,
124,2005,0.162,616085.26,,
124,2006,0.162,465931.35993,389584.0,
124,2007,0.16,316081.4,551677.0,
124,2008,0.16,347597.36,702378.0,
124,2009,0.17,260744.6,751783.0,
124,2010,0.18,233792.74,1122352.0,
124,2011,0.17,273680.85,1208962.0,
124,2012,0.17,340809.84,1866838.0,
124,2013,0.18,448405.0,2803735.0,
124,2014,0.15,213157.0,2605718.0,78588.0
125,2000,,128890.34,,
125,2001,,15518.929,259.0,
125,2002,,34942.264930000005,,
125,2003,,35934.548,,
125,2004,,33292.033,,
125,2005,,20288.714999999997,,
125,2006,,12286.455,0.0,
125,2007,,840.0,0.0,
125,2008,,14570.0,3239.0,
125,2009,,24479.5,153024.0,
125,2010,,0.0,428154.0,
125,2011,,5520.0,429246.0,
125,2012,,6520.0,699233.0,
125,2013,,88484.0,1129042.0,
125,2014,,22381.0,1382656.0,
126,2000,,0.0,1490.0,
126,2001,,0.0,2087.0,
126,2002,,7701.12,,
126,2003,,0.0,,
126,2004,,0.0,20603.0,
126,2005,,0.0,,
126,2006,,0.0,4274.0,
126,2007,,0.0,2784.0,
126,2008,,2580.0,4465.0,
126,2009,,0.0,85112.0,
126,2010,,0.0,50884.0,
126,2011,,0.0,0.0,
126,2012,,0.0,0.0,
126,2013,,0.0,0.0,
126,2014,,0.0,0.0,
127,1999,0.5404,,82534.0,
127,2000,0.5404,478407.34,342288.0,
127,2001,0.5404,600773.929,198926.0,
127,2002,0.5404,431610.12,218093.0,
127,2003,0.5404,358578.36971,155885.0,
127,2004,0.5404,666633.643,137656.0,
127,2005,0.5404,362192.26006,,
127,2006,0.5404,349854.0,85094.0,
127,2007,0.54,480524.0,65894.0,
127,2008,0.54,705663.0,480701.0,
127,2009,0.45,572988.0,1031937.0,
127,2010,0.45,341642.62,1264721.0,
127,2011,0.45,873316.7,1834687.0,92315.0
127,2012,0.45,970756.0,1954929.0,
127,2013,0.44,917585.82,3286365.0,
127,2014,0.42,1167664.63,4304060.0,
128,1999,0.4782,,,
128,2000,0.4782,0.0,1081758.0,
128,2001,0.4782,46265.977580000006,296171.0,
128,2002,0.4782,0.0,669652.0,
128,2003,0.4782,0.0,52251.0,
128,2004,0.4782,55560.633,493333.0,
128,2005,0.4782,820439.86,,
128,2006,0.4782,1357606.09902,321784.0,
128,2007,0.48,1179396.933,451777.0,
128,2008,0.48,1052632.68492,267364.0,
128,2009,0.5,404809.8784781306,591624.0,
128,2010,0.5,393112.45,503869.0,
128,2011,0.48,469593.0,475970.0,
128,2012,0.49,620274.0,11758452.0,
128,2013,0.46,697718.0,17869631.0,
128,2014,0.51,494596.0,18918944.0,
129,1999,0.154,,,
129,2000,0.154,85459.34,504052.0,
129,2001,0.154,148766.929,160455.0,
129,2002,0.154,61547.12,8912.0,
129,2003,0.154,56966.36768,,
129,2004,0.154,23688.633,18000.0,
129,2005,0.154,302548.967,,
129,2006,0.154,783479.80499,702019.0,
129,2007,0.15,606959.14,1539864.0,
129,2008,0.15,478419.559,3595151.0,178560.0
129,2009,0.14,437838.952,2817960.0,10700.0
129,2010,0.15,418581.0,3528618.0,
129,2011,0.15,192939.0,3835433.0,
129,2012,0.15,190049.0,5080037.0,
129,2013,0.14,235998.0,5680917.0,
129,2014,0.15,32553.0,5714586.0,
130,1999,,,147063.0,
130,2000,,174741.34,903374.0,
130,2001,,246101.929,452810.0,
130,2002,,89036.73,4547.0,
130,2003,,0.0,,
130,2004,,0.0,,
130,2005,,0.0,,
131,1999,0.0,,16433.0,
131,2000,0.0,204037.34,2086089.0,
131,2001,0.0,187453.929,131474.0,
131,2002,0.0,367066.12006,71345.0,
131,2003,0.0,127245.368,68521.0,
131,2004,0.0,171231.6563,46237.0,
131,2005,0.0,403181.0435,,
131,2006,0.0,19048.0,215413.0,
131,2007,0.0,54590.0,412397.0,
131,2008,0.0,49407.0,1305966.95478,
131,2009,0.0,177750.99978,2532716.0,
131,2010,0.0,137840.0,3734880.0,
131,2011,0.0,87712.0,4352162.0,
131,2012,0.0,55965.0,4560783.0,
131,2013,0.0,98881.32,4953841.0,
131,2014,0.0,48615.0,7522948.0,
132,1999,0.0,,,
132,2000,0.0,0.0,44165.0,
132,2001,0.0,0.0,43915.0,
132,2002,0.0,0.0,68861.0,
132,2003,0.0,0.0,118504.0,
132,2004,0.0,15905.633,3203.0,
132,2005,0.0,17358.26,,
132,2006,0.0,44748.0,221205.0,
132,2007,0.0,120.0,664354.0,
132,2008,0.0,6278.0,1781072.0,
132,2009,0.0,8448.0,2146154.0,
132,2010,0.0,0.0,2472269.0,
132,2011,0.0,624.0,3310392.0,
132,2012,0.0,0.0,3789087.0,
132,2013,0.0,3160.0,3523526.0,
132,2014,0.0,12260.0,5244763.0,
133,1999,0.0,,504682.0,
133,2000,0.0,0.0,1238317.0,
133,2001,0.0,0.0,1293664.0,
133,2002,0.0,-2218.88,1246347.0,
133,2003,0.0,0.0,1287486.0,
133,2004,0.0,0.0,1373392.0,
133,2005,0.0,17094.949999999997,,58000.0
133,2006,0.0,95449.69,1249891.0,109000.0
133,2007,0.0,54643.0,1621844.0,192400.0
133,2008,0.0,236110.0,1544134.0,191100.0
133,2009,0.0,121779.0,1874133.0,140000.0
133,2010,0.0,41244.0,5146867.0,192000.0
133,2011,0.0,40920.0,4349369.0,33000.0
133,2012,0.0,24713.0,4879831.0,
133,2013,0.0,12412.0,5446845.0,
133,2014,0.0,42336.0,6563559.0,
134,1999,0.0,,59179.0,
134,2000,0.0,458088.34,538608.0,
134,2001,0.0,332436.929,210844.0,
134,2002,0.0,186036.12,1166083.0,
134,2003,0.0,174623.368,1835409.0,
134,2004,0.0,278299.633,1151087.0,
134,2005,0.0,488004.26,,
134,2006,0.0,106141.0,741368.0,
134,2007,0.0,444033.0,764456.0,
134,2008,0.0,380952.0,976537.0,208944.0
134,2009,0.0,571062.0,899302.0,103840.0
134,2010,0.0,1138978.0,1379970.0,260958.0
134,2011,0.0,1345758.0,1618122.0,120000.0
134,2012,0.0,1379887.0,1878715.0,41467.0
134,2013,0.0,517189.0,2021452.0,52500.0
134,2014,0.0,411636.0,2139523.0,108000.0
135,1999,0.0,,,
135,2000,0.0,78438.34,19453.0,
135,2001,0.0,32821.929000000004,57968.5,
135,2002,0.0,8635.119999999999,99952.0,
135,2003,0.0,47702.368,59755.0,
135,2004,0.0,19419.633,57423.0,
135,2005,0.0,86607.26,,
135,2006,0.0,69811.0,77441.0,
135,2007,0.0,439443.281,197087.0,
135,2008,0.0,592016.5,334188.0,
135,2009,0.0,1132089.14,699749.0,
135,2010,0.0,840642.09,1503868.0,
135,2011,0.0,849982.0,1660880.0,
135,2012,0.0,1580063.0,2399878.0,
135,2013,0.0,1043083.0,2924030.0,
135,2014,0.0,430287.0,1751161.0,
136,1999,0.0658,,,
136,2000,0.0658,0.0,272319.0,
136,2001,0.0658,16408.07715,149706.0,
136,2002,0.0658,11636.119999999999,45210.0,
136,2003,0.0658,32560.368,139764.0,
136,2004,0.0658,122663.633,53966.0,
136,2005,0.0658,636144.26,,
136,2006,0.0658,2098047.0,76354.0,
136,2007,0.07,3607907.0,93167.0,
136,2008,0.07,5058757.769,149534.5,
136,2009,0.06,3146897.0,711991.0,
136,2010,0.06,1700253.0,1865868.0,
136,2011,0.06,1461033.0,3136500.0,
136,2012,0.08,1193058.0,4119573.0,17349.0
136,2013,0.08,1252302.0,5086618.0,
136,2014,0.08,870607.0,5857152.0,
137,1999,0.4776,,474.0,
137,2000,0.4776,343497.34,120181.0,
137,2001,0.4776,347083.02432,143236.0,
137,2002,0.4776,131103.52,1637.0,
137,2003,0.4776,308893.168,3690.0,
137,2004,0.4776,348420.85900999996,2066.0,
137,2005,0.4776,268750.94515,,
137,2006,0.4776,187140.06923,74761.0,
137,2007,0.0,79010.0,37888.0,
137,2008,0.0,8309.0,2292449.0,
137,2009,0.67,235311.0,8463093.0,
137,2010,0.73,1339026.04,11905757.0,
137,2011,0.71,2034103.32,10519173.0,
137,2012,0.76,1440257.0,10127702.0,
137,2013,0.73,2109774.65648,14258593.0,
137,2014,0.69,3950469.3,16961845.0,
138,1999,0.0,,443.0,
138,2000,0.0,0.0,62677.0,
138,2001,0.0,8425.929,29315.0,
138,2002,0.0,-2199.08,7966.0,
138,2003,0.0,0.0,119792.0,
138,2004,0.0,0.0,105371.0,
138,2005,0.0,0.0,,1290000.0
138,2006,0.0,45760.0,526582.0,1675000.0
138,2007,0.0,291.0,209957.0,1225000.0
138,2008,0.0,0.0,301042.0,1435000.0
138,2009,0.0,0.0,522148.0,823000.0
138,2010,0.0,0.0,969453.0,32160.0
138,2011,0.0,0.0,1495511.0,
138,2012,0.0,0.0,1565865.0,
138,2013,0.24,0.0,587998.0,
138,2014,0.0,765.0,3859865.0,
139,1999,0.0,,6552.0,
139,2000,0.0,290023.34,134945.0,
139,2001,0.0,785708.929,54330.0,
139,2002,0.0,658115.62,236904.0,
139,2003,0.0,503566.54260000004,125573.0,
139,2004,0.0,488708.43299999996,81371.0,
139,2005,0.0,196698.26,,
139,2006,0.0,530216.74996,584.0,
139,2007,0.4,1358452.0,1690.0,
139,2008,0.4,933145.0,693114.0,
139,2009,0.43,1026994.0,2203731.0,37800.0
139,2010,0.42,748828.0,5758639.0,
139,2011,0.43,387639.0,7954402.0,
139,2012,0.44,416088.0,8632460.0,
139,2013,0.43,158587.416,10268242.0,
139,2014,0.44,213629.0,12654183.0,
140,1999,0.218,,,
140,2000,0.218,60952.34,314411.0,
140,2001,0.218,10189.929,335855.0,
140,2002,0.218,8963.119999999999,66420.0,
140,2003,0.218,23598.868,187500.0,
140,2004,0.218,176774.325,22019.0,
140,2005,0.218,284573.06200000003,,
140,2006,0.218,183130.0,4813.0,
140,2007,0.22,291744.472,3220.0,
140,2008,0.22,119729.0,139256.0,
140,2009,0.18,108534.4,420266.0,
140,2010,0.18,119116.0,727112.0,
140,2011,0.18,143364.95,1221878.0,
140,2012,0.18,166230.78,2244989.0,
140,2013,0.18,133141.2,2530962.0,
140,2014,0.21,35738.0,3296949.0,
141,1999,0.8986,,950.0,
141,2000,0.8986,2409632.34,71376.0,
141,2001,0.8986,2251184.429,4201.0,
141,2002,0.8986,1637815.5791200001,43502.0,
141,2003,0.8986,2143069.818,42055.0,
141,2004,0.8986,1946837.97464,103300.0,
141,2005,0.8986,3500543.26,,
141,2006,0.8986,1366347.061,348850.0,
141,2007,0.9,1756500.0,634724.0,
141,2008,0.9,1728585.35,400118.0,
141,2009,0.72,1109306.0,723486.0,
141,2010,0.75,1182462.262,1467510.0,
141,2011,0.75,1221383.16,2834131.0,
141,2012,0.72,1259306.0,3035857.0,
141,2013,0.72,974368.6,3313373.0,
141,2014,0.87,960559.0,4250788.0,
142,2000,,39499.34,515163.0,
142,2001,,70779.929,218388.0,
142,2002,,28528.12,150519.0,
142,2003,,35589.368,250449.0,
142,2004,,5328.0677,120267.0,
142,2005,,0.0,,
143,1999,0.0,,,
143,2000,0.0,257105.34,118732.0,
143,2001,0.0,219567.929,45801.0,
143,2002,0.0,161307.63999999998,25260.0,
143,2003,0.0,214786.08646,22644.0,
143,2004,0.0,254226.02885,205216.0,
143,2005,0.0,353459.83,,
143,2006,0.0,66161.0,710597.0,
143,2007,0.02,1247887.841,340201.0,388000.0
143,2008,0.02,1282039.14799,450613.0,380000.0
143,2009,0.02,677721.89,658284.0,68000.0
143,2010,0.02,588011.86,1422724.0,66000.0
143,2011,0.02,892505.0,2173189.0,69000.0
143,2012,0.33,256612.0,2556781.0,
143,2013,0.32,419082.0,3023766.0,
143,2014,0.33,389782.0,3143467.0,
144,1999,0.0,,9688.0,
144,2000,0.0,0.0,203826.0,
144,2001,0.0,0.0,9396.0,
144,2002,0.0,-1576.88,30333.0,
144,2003,0.0,0.0,,
144,2004,0.0,0.0,,
144,2005,0.0,70877.26,,
144,2006,0.0,0.0,6686.0,
144,2007,0.0,0.0,494.0,
144,2008,0.0,3168.0,123975.0,
144,2009,0.0,12826.0,497445.0,
144,2010,0.0,98983.0,757745.0,
144,2011,0.0,1781.0,1242053.0,
144,2012,0.04,212823.0,1347256.0,
144,2013,0.04,55006.0,1395348.0,
144,2014,0.04,85536.0,1962098.0,
145,1999,0.0576,,91684.0,
145,2000,0.0576,0.0,601951.0,
145,2001,0.0576,9624.929,479217.0,
145,2002,0.0576,0.0,783392.0,
145,2003,0.0576,37317.368,1059809.0,
145,2004,0.0576,131865.633,1076007.0,
145,2005,0.0576,56159.259999999995,,17000.0
145,2006,0.0576,424647.0,1270980.0,22000.0
145,2007,0.06,508759.0,1354905.00283,
145,2008,0.29,1052579.5,2431052.0,24460.0
145,2009,0.29,789082.0,2987049.0,14594.0
145,2010,0.3,750777.0,2143405.0,
145,2011,0.31,804720.0,2466913.0,72956.0
145,2012,0.31,635064.0,3550556.0,22029.0
145,2013,0.32,608214.0,3971338.0,
145,2014,0.31,265456.6,4970262.0,
146,2000,,276458.34,3527.0,
146,2001,,189601.929,840.0,
146,2002,,229033.91999999998,,
146,2003,,236668.052,1698.0,
146,2004,,198263.364,35.0,
146,2005,,152309.46000000002,,
146,2006,,288813.0,1016772.0,
146,2007,,137026.0,155045.0,
146,2008,,0.0,0.0,
146,2009,,0.0,0.0,
146,2010,,0.0,0.0,
146,2011,,0.0,0.0,
146,2012,,0.0,0.0,
146,2013,,0.0,0.0,
146,2014,,0.0,0.0,
147,1999,0.0,,,
147,2000,0.0,0.0,14000.0,
147,2001,0.0,8655.929,291.0,
147,2002,0.0,0.0,52252.0,
147,2003,0.0,0.0,62551.0,
147,2004,0.0,5457.633,,
147,2005,0.0,0.0,,
147,2006,0.0,3030.8,4572.0,
147,2007,0.0,0.0,12053.0,
147,2008,0.0,41600.0,10073.0,
147,2009,0.0,0.0,126511.0,
147,2010,0.0,11942.8,189332.0,
147,2011,0.0,11900.0,493561.0,
147,2012,0.0,0.0,593275.0,
147,2013,0.0,0.0,756020.0,
147,2014,0.0,0.0,769570.0,
148,1999,0.0,,,
148,2000,0.0,222617.34,335995.0,
148,2001,0.0,46984.929000000004,107944.0,
148,2002,0.0,15490.099999999999,,
148,2003,0.0,103972.368,,
148,2004,0.0,6307.633,4200.0,
148,2005,0.0,61189.259999999995,,
148,2006,0.0,11778.0,20015.0,
148,2007,0.0,14399.0,3056.0,
148,2008,0.0,55883.04012,262122.0,
148,2009,0.0,21967.0,510361.0,
148,2010,0.0,143969.0,1393653.0,
148,2011,0.0,234039.0,1282773.0,
148,2012,0.0,269080.4,1434269.0,
148,2013,0.0,199251.0,1528358.0,
148,2014,0.0,116277.0,1269528.0,
149,1999,0.1171,,,
149,2000,0.1171,0.0,29031.0,
149,2001,0.1171,0.0,205749.0,
149,2002,0.1171,14813.119999999999,104463.0,
149,2003,0.1171,12001.368,398289.0,
149,2004,0.1171,68905.633,333009.0,
149,2005,0.1171,353897.26,,
149,2006,0.1171,1137132.0,372599.0,
149,2007,0.12,397579.0,92814.0,
149,2008,0.12,209184.0,981735.0,25000.0
149,2009,0.1,492427.8,1396096.02,45706.0
149,2010,0.1,223497.36,1769371.0,53560.0
149,2011,0.11,472817.2,2674993.0,54404.0
149,2012,0.1,538355.0,3431763.0,28800.0
149,2013,0.11,708724.0,3918525.0,
149,2014,0.11,631798.0,3505048.0,
150,1999,0.0023,,,
150,2000,0.0023,0.0,460072.0,
150,2001,0.0023,0.0,7700.0,
150,2002,0.0023,0.0,,
150,2003,0.0023,0.0,49443.0,
150,2004,0.0023,0.0,42603.0,
150,2005,0.0023,50174.259999999995,,
150,2006,0.0023,174091.0,40259.0,
150,2007,0.01,206564.06,103318.0,
150,2008,0.01,389274.0,809008.0,
150,2009,0.01,514665.0,1487884.0,
150,2010,0.01,461579.0,1980152.0,
150,2011,0.01,741336.0,1901121.0,
150,2012,0.01,429827.0,2089027.0,
150,2013,0.01,518768.5,2545375.0,
150,2014,0.01,521691.0,2627300.0,
151,1999,0.0,,,
151,2000,0.0,65915.34,258564.0,
151,2001,0.0,17943.929,38491.0,
151,2002,0.0,62123.61,,
151,2003,0.0,24945.368,2755.0,
151,2004,0.0,20299.432999999997,,
151,2005,0.0,37328.259999999995,,
151,2006,0.0,41724.0,202624.0,
151,2007,0.06,10205.0,322507.0,
151,2008,0.06,50125.0,302506.0,
151,2009,0.07,4471.0,505223.0,
151,2010,0.07,17288.0,644078.0,
151,2011,0.07,73713.0,1900979.0,
151,2012,0.07,75833.0,1879303.0,
151,2013,0.08,15317.33027,2097720.0,
151,2014,0.07,2674.576,2348175.0,
152,1999,0.0,,19740.0,
152,2000,0.0,0.0,517598.0,
152,2001,0.0,43978.43251,895910.0,
152,2002,0.0,475726.46649,1324107.0,
152,2003,0.0,488282.368,2108559.16162,
152,2004,0.0,228849.633,1165648.0,
152,2005,0.0,167823.26,,
152,2006,0.0,184654.0,2275139.0,
152,2007,0.0,92042.0,2081758.0,
152,2008,0.0,95273.0,2863188.0,
152,2009,0.0,120494.0,4316106.0,
152,2010,0.0,164543.0,4667046.0,
152,2011,0.0,158826.0,5876894.0,
152,2012,0.0,177317.0,6069377.0,
152,2013,0.0,238130.13,8075871.0,
152,2014,0.0,123673.6,8054092.0,
153,1999,0.0,,,
153,2000,0.0,40981.34,118818.0,
153,2001,0.0,51959.929000000004,5457.0,
153,2002,0.0,53694.747500000005,2880.0,
153,2003,0.0,63531.728,191193.0,
153,2004,0.0,128799.493,,
153,2005,0.0,315746.45997,,
153,2006,0.0,417686.2,180600.0,
153,2007,0.08,398876.0,827934.0,
153,2008,0.25,957151.30009,1101492.0,
153,2009,0.24,503731.06,1355566.0,
153,2010,0.23,230928.4,1562805.0,
153,2011,0.24,130369.0,2705581.0,
153,2012,0.26,114674.0,2814806.0,
153,2013,0.26,46107.0,3556134.0,
153,2014,0.29,110868.0,6577932.0,
154,1999,0.0374,,9449.0,
154,2000,0.0374,0.0,191958.0,
154,2001,0.0374,0.0,200741.0,
154,2002,0.0374,2849.12,296797.0,
154,2003,0.0374,0.0,333398.0,
154,2004,0.0374,0.0,249750.00004,
154,2005,0.0374,46911.259999999995,,
154,2006,0.0374,289238.0,15843.0,
154,2007,0.04,89625.0,32825.0,
154,2008,0.04,116959.64,115628.0,
154,2009,0.06,76767.0,638774.0,
154,2010,0.06,61939.0,1174448.0,
154,2011,0.05,64432.0,1680588.0,
154,2012,0.05,77569.0,2302587.0,
154,2013,0.05,131244.0,2093891.0,
154,2014,0.05,74774.5,2152838.0,
155,1999,0.0357,,,
155,2000,0.0357,0.0,18414.0,
155,2001,0.0357,0.0,35086.0,
155,2002,0.0357,14987.119999999999,,
155,2003,0.0357,32681.368,1071.0,
155,2004,0.0357,93305.633,26697.0,
155,2005,0.0357,253362.26,,
155,2006,0.0357,511115.35972,29196.0,
155,2007,0.04,296169.0,121426.0,
155,2008,0.04,517366.0,231278.0,24300.0
155,2009,0.03,418653.0,611753.0,
155,2010,0.03,103429.0,1849719.0,
155,2011,0.03,123264.0,2057558.0,
155,2012,0.03,29308.0,2168056.0,
155,2013,0.07,214840.0,2953901.0,
155,2014,0.07,99319.0,3949376.0,
156,1999,0.3482,,,
156,2000,0.3482,660101.34,236247.0,
156,2001,0.3482,342453.929,127243.0,
156,2002,0.3482,290447.32646999997,289972.0,
156,2003,0.3482,60043.368,313521.0,
156,2004,0.3482,61665.633,387583.0,
156,2005,0.3482,146364.26,,162148.0
156,2006,0.3482,1562358.0,1195017.0,516900.0
156,2007,0.35,1235999.0,1117562.0,741710.0
156,2008,0.41,1015124.0,132247.0,
156,2009,0.4,605109.4,1419204.0,
156,2010,0.38,571984.0,2612325.0,
156,2011,0.39,327498.0,2986633.0,
156,2012,0.37,448258.0,3757542.0,
156,2013,0.38,608413.47,4128990.0,
156,2014,0.36,1059953.9964,5079256.0,
157,1999,0.1253,,,
157,2000,0.1253,0.0,383898.0,
157,2001,0.1253,0.0,42570.0,
157,2002,0.1253,3240.12,,
157,2003,0.1253,187494.368,,
157,2004,0.1253,90335.633,41059.0,
157,2005,0.1253,245670.26,,40000.0
157,2006,0.1253,392069.0,52215.0,24344.0
157,2007,0.13,293464.0,240028.0,10000.0
157,2008,0.13,268056.0,968004.0,
157,2009,0.11,299071.0,1174792.0,110500.0
157,2010,0.11,282455.0,1218601.0,44600.0
157,2011,0.11,404792.0,1312586.0,
157,2012,0.12,177213.0,1581230.0,1620.0
157,2013,0.12,436692.0,1756376.0,
157,2014,0.13,339131.0,2146321.0,20000.0
158,1999,0.0,,,
158,2000,0.0,32778.34,461.0,
158,2001,0.0,16639.929,133.0,
158,2002,0.0,37553.87,,
158,2003,0.0,31393.368,,
158,2004,0.0,30174.633,185110.0,
158,2005,0.0,31080.26,,
158,2006,0.0,15292.64,62823.4,
158,2007,0.0,15593.0,85826.3,
158,2008,0.0,8163.0,186698.5,
158,2009,0.0,7532.0,365180.33,
158,2010,0.0,1566.0,611399.0,
158,2011,0.0,7252.0,689392.0,
158,2012,0.0,11866.0,864636.0,
158,2013,0.0,3180.0,942878.0,
158,2014,0.0,12227.0,1127507.0,
159,1999,0.0,,34284.0,
159,2000,0.0,586203.34,378361.0,
159,2001,0.0,417577.929,484271.0,
159,2002,0.0,275281.24,774260.0,
159,2003,0.0,285397.678,188073.0,
159,2004,0.0,417934.633,,
159,2005,0.0,228011.26,,
159,2006,0.0,114199.0,14943.0,
159,2007,0.0,0.0,132414.0,
159,2008,0.0,208.0,92450.0,
159,2009,0.0,1565.0,203802.0,
159,2010,0.0,31122.0,912837.0,
159,2011,0.0,0.0,1017222.0,
159,2012,0.0,31263.0,1279179.0,
159,2013,0.0,125477.0,1202123.0,
159,2014,0.0,196130.32,1624114.0,
160,1999,0.1643,,145325.0,
160,2000,0.1643,1068869.34,510391.0,
160,2001,0.1643,2098036.30852,400471.0,
160,2002,0.1643,2256968.47738,477767.0,
160,2003,0.1643,932360.8435900001,743745.0,
160,2004,0.1643,1450012.0184,2432422.0,
160,2005,0.1643,4419000.01682,,
160,2006,0.1643,10150727.81664,1123941.0,
160,2007,0.16,9342527.119,1127142.0,
160,2008,0.25,8362705.20399,1580954.0,
160,2009,0.23,8292244.96,1615957.0,
160,2010,0.24,8305066.917,2958586.0,
160,2011,0.24,8947471.78,2805361.0,5000.0
160,2012,0.23,7992478.1,5738772.0,
160,2013,0.24,12213084.37,8272266.0,33904.0
160,2014,0.26,10053541.725,6685522.0,1000.0
161,1999,0.0,,11486.0,
161,2000,0.0,81946.34,383654.0,
161,2001,0.0,71223.929,335979.04811,
161,2002,0.0,80174.22,287053.0,
161,2003,0.0,148660.468,237897.0,
161,2004,0.0,107359.695,211344.0,
161,2005,0.0,54842.259999999995,,
161,2006,0.0,30380.0,174932.0,
161,2007,0.0,84162.0,160772.0,
161,2008,0.0,114674.0,151345.0,
161,2009,0.0,39682.0,209008.0,
161,2010,0.0,93399.332,152288.0,
161,2011,0.0,194076.0,762817.3354016982,
161,2012,0.0,131615.0,1186547.0,
161,2013,0.0,104246.5,1648033.0,
161,2014,0.0,109219.0,2535491.0,
162,1999,0.0,,313606.0,
162,2000,0.0,585930.34,3861011.0,
162,2001,0.0,1323609.929,1742006.0,
162,2002,0.0,1428150.3005400002,2351055.0,
162,2003,0.0,1638691.63467,3977621.0,
162,2004,0.0,2020738.6783099999,2995975.0,
162,2005,0.0,1841173.26,,
162,2006,0.0,1443589.25655,5185207.0,
162,2007,0.0,1114869.0,4228010.0,
162,2008,0.0,1523545.59168,6289070.34,52300.0
162,2009,0.0,1579802.755,10920771.0,44200.0
162,2010,0.0,1822243.979,13646714.0,
162,2011,0.0,1794509.908,15870862.0,
162,2012,0.0,1894301.0,21736742.0,
162,2013,0.0,3328877.51602,32197458.0,
162,2014,0.0,2439090.59976,36439467.0,
163,1999,,,8530.0,
163,2000,,0.0,122483.0,
163,2001,,0.0,3510.0,
163,2002,,0.0,,
163,2003,,20362.368,,
163,2004,,18810.633,,
163,2005,,302028.26,,
163,2006,,194499.0,47232.15238,
163,2007,,122298.0,99197.0,10080.0
163,2008,,124700.0,558175.0,
163,2009,,155498.0,2151420.9,
163,2010,,206797.0,3611825.0,
163,2011,,348524.7,3519945.0,3360.0
163,2012,,142545.0,3752969.0,
163,2013,,164882.0,4175789.0,
163,2014,,229903.0,4619817.0,
164,1999,0.3986,,54938.0,
164,2000,0.3986,1053817.34,1381260.0,
164,2001,0.3986,1142646.929,697322.0,
164,2002,0.3986,974316.41412,488773.0,
164,2003,0.3986,806117.368,1246623.0,
164,2004,0.3986,738099.633,1320076.0,
164,2005,0.3986,834362.86,,325439.0
164,2006,0.3986,828130.3,961476.0,
164,2007,0.4,676007.0,2078573.0,146400.0
164,2008,0.4,1135967.0,1425757.0,47758.0
164,2009,0.38,1481022.453,3772353.5,707968.0
164,2010,0.4,869511.812,5618652.0,442791.0
164,2011,0.43,973228.0,4957599.0,
164,2012,0.42,577089.0,5939170.0,45440.0
164,2013,0.41,356842.0,7357884.0,
164,2014,0.44,675656.0,7767084.0,24265.0
165,1999,0.2615,,508202.0,
165,2000,0.2615,568306.34,2001105.0,
165,2001,0.2615,580119.759,1687084.0,
165,2002,0.2615,583334.194,1112192.0,
165,2003,0.2615,902707.559,1219735.6,
165,2004,0.2615,711234.013,1607345.0,
165,2005,0.2615,682721.72,,34054.0
165,2006,0.2615,447149.4,1374023.0,105000.0
165,2007,0.26,475541.175,929271.0,
165,2008,0.26,420692.22,442188.0,
165,2009,0.29,379159.135,855043.2,
165,2010,0.3,539601.2,620108.0,
165,2011,0.28,708292.885,761387.0,
165,2012,0.3,756799.0,1216369.0,
165,2013,0.31,637020.63,1581699.0,17000.0
165,2014,0.27,592941.5298,1628324.0,
166,1999,0.0,,137472.0,
166,2000,0.0,0.0,266403.0,
166,2001,0.0,12664.929,309335.0,
166,2002,0.0,29522.12,472020.0,
166,2003,0.0,74509.368,746293.0,
166,2004,0.0,93305.633,790709.0,
166,2005,0.0,21454.26,,
166,2006,0.0,211517.0,1468667.0,
166,2007,0.0,43019.0,1200140.0,
166,2008,0.0,60.0,1428377.10667,
166,2009,0.0,0.0,1854736.0,
166,2010,0.0,4032.0,2317898.0,
166,2011,0.0,0.0,3057339.0,
166,2012,0.5,471289.0,4084475.0,
166,2013,0.29,412890.0,5496331.0,43498.0
166,2014,0.0,22077.0,2952665.0,
167,1999,0.0561,,19480.0,
167,2000,0.0561,293704.34,334741.0,
167,2001,0.0561,75849.929,419647.0,
167,2002,0.0561,152137.32,329151.0,
167,2003,0.0561,82502.72292,204046.0,
167,2004,0.0561,120751.633,57273.0,
167,2005,0.0561,167959.065,,
167,2006,0.0561,566501.805,90358.0,75012.0
167,2007,0.06,421731.0,5670.0,100326.0
167,2008,0.22,293583.0,507308.0,60000.0
167,2009,0.24,465323.0,939054.0,126664.0
167,2010,0.22,365218.952,1527143.0,38752.0
167,2011,0.23,312822.0,2382397.0,10294.0
167,2012,0.24,276653.0,2834642.0,28750.0
167,2013,0.24,215818.0,3420331.0,
167,2014,0.24,188377.0,4111575.0,
168,1999,0.0392,,55827.0,
168,2000,0.0392,317441.34,59715.0,
168,2001,0.0392,199656.929,45204.0,
168,2002,0.0392,224256.12,15563.0,
168,2003,0.0392,33049.368,,
168,2004,0.0392,254986.633,1568.0,
168,2005,0.0392,532646.03346,,98116.0
168,2006,0.0392,1136473.0,51486.0,95313.0
168,2007,0.04,761423.0,95127.0,19174.0
168,2008,0.04,1109683.0,1253545.0,196792.0
168,2009,0.04,1130247.0,873520.0,
168,2010,0.04,1219580.0,1885807.0,
168,2011,0.04,1073136.0,2071885.0,
168,2012,0.04,924018.0,4948333.0,
168,2013,0.04,1126150.27,6387669.0,
168,2014,0.04,740629.39,4776759.0,
169,1999,0.0,,,
169,2000,0.0,0.0,1488.0,
169,2001,0.0,0.0,26164.0,
169,2002,0.0,-1830.88,496821.0,
169,2003,0.0,0.0,676882.0,
169,2004,0.0,27083.633,615764.0,
169,2005,0.0,59784.259999999995,,
169,2006,0.0,810919.576,1134220.0,129585.0
169,2007,0.0,1302489.09997,656241.0,288943.0
169,2008,0.0,2355051.0,1252986.0,143433.0
169,2009,0.0,2985617.0,2208344.0,241971.0
169,2010,0.0,1991367.0,3502453.0,352255.0
169,2011,0.0,1898730.0,3677296.0,213562.0
169,2012,0.0,2397973.0,3827250.0,98996.0
169,2013,0.0,3940081.29,4236271.0,48646.0
169,2014,0.0,4075185.64,5737564.0,213660.0
170,1999,0.0,,,
170,2000,0.0,0.0,82426.0,
170,2001,0.0,0.0,,
170,2002,0.0,0.0,1188.0,
170,2003,0.0,0.0,3060.0,
170,2004,0.0,0.0,10998.0,
170,2005,0.0,17130.795,,
170,2006,0.0,400.535,2914.0,
170,2007,0.0,0.0,12064.0,
170,2008,0.0,36120.0,127957.0,
170,2009,0.0,0.0,338222.0,
170,2010,0.0,0.0,636871.0,
170,2011,0.0,0.0,742146.0,
170,2012,0.0,0.0,1045203.0,
170,2013,0.0,0.0,1686115.0,
170,2014,0.0,0.0,1833788.0,
171,1999,0.5904,,46549.0,
171,2000,0.5904,944199.34,1185476.0,
171,2001,0.5904,967738.929,132747.0,
171,2002,0.5904,859498.68428,177277.0,
171,2003,0.5904,787750.368,,
171,2004,0.5904,1304873.633,57589.0,
171,2005,0.5904,1117423.97402,,25249.0
171,2006,0.5904,1126665.0,63284.0,
171,2007,0.59,1048891.0,250684.0,22865.0
171,2008,0.59,758425.0,1442749.0,
171,2009,0.72,428335.0,2096654.0,
171,2010,0.69,328483.0,5003177.0,
171,2011,0.7,222809.0,7171843.0,
171,2012,0.73,157260.0,7430991.0,
171,2013,0.73,64150.0,11772104.0,
171,2014,0.74,123098.0,13449036.0,
172,1999,0.0212,,28510.0,
172,2000,0.0212,0.0,880067.0,
172,2001,0.0212,0.0,33157.0,
172,2002,0.0212,-2070.88,247384.0,
172,2003,0.0212,0.0,200154.0,
172,2004,0.0212,0.0,656069.0,
172,2005,0.0212,0.0,,
172,2006,0.0212,208471.79994,564885.0,
172,2007,0.02,301454.99988,683976.75,
172,2008,0.0,84020.0,1048577.5,
172,2009,0.0,0.0,1933059.0,
172,2010,0.0,0.0,3043976.0,
172,2011,0.0,0.0,3388015.0,
172,2012,0.0,0.0,4250321.0,
172,2013,0.0,1248.0,4324237.0,
172,2014,0.0,2087.0,3912592.5,
173,1999,1.0901,,,
173,2000,1.0901,1292317.34,542682.0,
173,2001,1.0901,1621763.929,306652.0,
173,2002,1.0901,1379485.52487,384170.0,
173,2003,1.0901,1864010.368,3172357.07007,
173,2004,1.0901,2088942.4834699999,2549844.01317,
173,2005,1.0901,1550467.58038,,154126.0
173,2006,1.0901,1801673.0,2256103.0,100000.0
173,2007,1.09,1499627.0,2108572.0,41800.0
173,2008,1.09,1565341.0,2264036.5,12700.0
173,2009,0.94,824542.0,2463467.445,
173,2010,1.02,604524.0,2127189.0,
173,2011,1.03,479649.0,2974780.0,
173,2012,1.07,650089.0,3550659.0,46000.0
173,2013,1.12,717230.0,4532360.0,
173,2014,0.97,471695.8,5335832.0,
174,2000,,0.0,151540.0,
174,2001,,0.0,140434.0,
174,2002,,0.0,396580.0,
174,2003,,0.0,596479.0,
174,2004,,156804.633,1254571.0,
174,2005,,116635.26,,
174,2006,,175323.0,721724.0,
174,2007,0.0,91795.0,726276.0,
174,2008,0.36,528544.0,1043520.0,
174,2009,0.38,803949.0,1143780.0,
174,2010,0.38,476615.0,884144.0,
174,2011,0.37,383562.0,867098.0,
174,2012,0.38,185554.0,1076453.0,
174,2013,0.36,202027.0,1085502.0,
174,2014,0.34,255832.0,1173285.0,
175,1999,0.3483,,,
175,2000,0.3483,959789.34,28017.0,
175,2001,0.3483,967994.929,99937.0,
175,2002,0.3483,715364.97538,61974.0,
175,2003,0.3483,700412.368,512133.0,
175,2004,0.3483,760598.733,249035.0,
175,2005,0.3483,1257809.86,,
175,2006,0.3483,2044832.2,268801.94,179384.0
175,2007,0.35,2569176.75,1662397.0,425000.0
175,2008,0.35,2912022.0,2709878.0,675000.0
175,2009,0.37,2807285.0,4283038.0,1939000.0
175,2010,0.36,2871450.2,4651543.0,990000.0
175,2011,0.35,3435921.0,5940670.0,324000.0
175,2012,0.36,4785646.0,6821426.0,1299800.0
175,2013,0.37,2733352.2,8497088.0,352872.0
175,2014,0.31,3148578.0,10194523.0,134696.0
176,1999,0.6826,,56117.0,
176,2000,0.6826,0.0,1103687.0,
176,2001,0.6826,0.0,594114.0,
176,2002,0.6826,-2166.88,1128105.0,
176,2003,0.6826,45472.368,1205861.0,
176,2004,0.6826,97505.633,1685360.0,
176,2005,0.6826,604418.26,,176690.0
176,2006,0.6826,987468.0,963718.0,
176,2007,0.55,614656.0,2169307.0,
176,2008,0.55,770288.0,4326215.0,
176,2009,0.47,896088.0,3053052.0,
176,2010,0.48,852428.0,4696808.0,127785.0
176,2011,0.45,869290.0,4597079.0,
176,2012,0.45,680848.0,5726521.0,
176,2013,0.01,210661.0,7617902.0,
176,2014,0.01,811550.0,9556485.0,
177,1999,,,77000.0,
177,2000,,375294.34,447199.0,
177,2001,,291246.929,17741.0,
177,2002,,120117.12,521609.0,
177,2003,,67631.368,795096.0,
177,2004,,8438.332999999999,139962.0,
177,2005,,24689.034999999996,,
177,2006,,25954.775,2148882.0,
177,2007,,50137.0,2044046.0,
177,2008,,51412.0,2740071.0,
177,2009,,98562.57,4791117.5,
177,2010,,50543.0,6146250.0,
177,2011,,70.0,4035505.0,
177,2012,,6832.0,4990184.0,
177,2013,,1820.0,5070923.0,
177,2014,,33122.5,7515274.0,
178,1999,1.199,,10000.0,
178,2000,1.199,1012722.34,523986.0,
178,2001,1.199,899071.929,426677.0,
178,2002,1.199,1774955.0636000002,303333.0,
178,2003,1.199,1466862.548,569703.0,
178,2004,1.199,1528559.7690899998,637341.5,
178,2005,1.199,1710902.8,,
178,2006,1.199,1733988.49,140318.0,
178,2007,1.2,1872630.60657,1310800.0,
178,2008,1.2,2082780.15702,6138583.0,
178,2009,1.34,1935612.4494925707,8365841.0,31000.0
178,2010,1.39,1848680.4352,10658114.0,43740.0
178,2011,1.37,1223625.1,16151623.0,
178,2012,1.35,1237931.0,23127357.0,
178,2013,1.3,2122683.2,25480995.0,11011.0
178,2014,1.41,1938468.19,32305250.0,
179,1999,0.496,,6809.0,
179,2000,0.496,840583.34,857078.0,
179,2001,0.496,349376.929,718471.0,
179,2002,0.496,258898.46,475903.0,
179,2003,0.496,179173.788,358672.0,
179,2004,0.496,147402.633,385787.0,
179,2005,0.496,649210.26,,109850.0
179,2006,0.496,742571.0,467521.0,373365.0
179,2007,0.5,784225.04004,313345.0,91774.0
179,2008,0.5,401497.0,227506.0,150972.0
179,2009,0.44,242778.0,261748.0,41953.0
179,2010,0.42,188368.0,2381476.0,470000.0
179,2011,0.42,170538.0,981014.0,26000.0
179,2012,0.45,296238.7,1741265.0,202178.0
179,2013,0.44,333376.0,2320647.0,175805.0
179,2014,0.38,160827.92,2862386.0,70000.0
180,1999,,,1538534.0,
180,2000,,895347.34,5986042.0,
180,2001,,518118.929,2645318.0,
180,2002,,180784.16,4774155.0,
180,2003,,279478.868,5070287.0,
180,2004,,241270.033,,
180,2005,,216236.26,,
181,1999,0.8485,,515673.0,
181,2000,0.8485,1676351.34,5190855.0,
181,2001,0.8485,1973739.839,4108659.0,
181,2002,0.8485,2408210.92355,4626843.0,
181,2003,0.8485,2343864.10965,5160448.0,
181,2004,0.8485,2893826.5473599997,5204354.0,
181,2005,0.8485,2956694.9505899996,,39770.0
181,2006,0.8485,2642865.48463,6130409.0,90245.0
181,2007,0.85,1455737.84936,5927487.0,35200.0
181,2008,0.85,1834224.952,7228714.0,
181,2009,0.81,1309710.34196,4369521.0,
181,2010,0.83,1647673.679,4580424.0,
181,2011,0.77,1537421.81,7106396.0,15000.0
181,2012,0.81,1801547.5,7802868.0,
181,2013,0.83,2821911.821,10653341.0,
181,2014,0.79,3263980.73051,11183866.0,
182,1999,0.0,,203142.0,
182,2000,0.0,359926.34,2841594.0,
182,2001,0.0,209563.539,2461038.0,
182,2002,0.0,566997.32079,2530875.0,
182,2003,0.0,576184.47572,2781966.41176,
182,2004,0.0,879060.85479,1398823.25,
182,2005,0.0,797450.25985,,
182,2006,0.0,613568.356,3155961.0,
182,2007,0.0,539867.35,4755078.0,
182,2008,0.0,438157.41,7314712.0,
182,2009,0.0,231915.6,13615538.5,
182,2010,0.0,340282.99,19701633.0,
182,2011,0.0,469463.0,24274138.0,
182,2012,0.0,313958.0,26443321.0,
182,2013,0.0,300130.35,29816661.0,
182,2014,0.0,209296.48,28929882.0,
183,1999,1.0642,,63749.0,
183,2000,1.0642,2111912.34,1005067.0,
183,2001,1.0642,2109959.929,820440.77,
183,2002,1.0642,2874262.32029,821080.0,
183,2003,1.0642,2878231.18693,442708.0,
183,2004,1.0642,2520725.58676,365633.0,
183,2005,1.0642,2831836.78,,
183,2006,1.0642,2276443.73396,1397470.0,160000.0
183,2007,1.06,2178688.175,1993970.0,444760.0
183,2008,0.98,2884962.789,2002858.0,
183,2009,0.94,2294392.9,3416113.0,
183,2010,1.0,2233410.728,4908507.0,
183,2011,0.99,2457637.00046,5623377.0,28000.0
183,2012,0.96,2241518.31,6969726.0,
183,2013,0.96,2429057.77,11634358.0,
183,2014,1.06,2266913.7152,10603536.0,
184,1999,0.263,,,
184,2000,0.263,609150.34,37853.0,
184,2001,0.263,527237.929,94193.0,
184,2002,0.263,639314.12,128792.0,
184,2003,0.263,138790.368,320946.0,
184,2004,0.263,262808.39285,273702.0,
184,2005,0.263,298328.26,,
184,2006,0.263,1140953.573,12163.0,139630.0
184,2007,0.34,1285552.743,341367.0,7578.0
184,2008,0.26,1253877.4,254371.0,
184,2009,0.25,1025450.292,922468.0,
184,2010,0.26,604853.02,1354186.0,
184,2011,0.25,343266.0,1388918.0,24000.0
184,2012,0.26,267782.0,1547177.0,
184,2013,0.26,356230.0,2286878.0,
184,2014,0.23,241284.8,2970839.0,18393.0
185,1999,0.0,,224356.0,
185,2000,0.0,2224247.34,1269248.0,
185,2001,0.0,2064774.22233,353478.0,
185,2002,0.0,1836015.68947,960510.0,
185,2003,0.0,966080.868,1649566.0,
185,2004,0.0,885605.6630000001,2218787.0,
185,2005,0.0,642958.86,,
185,2006,0.0,523855.0,1562916.0,
185,2007,0.0,341064.7,616539.0,
185,2008,0.6,719621.125,1413643.0,
185,2009,0.58,936709.6,4101867.0,
185,2010,0.57,1119025.2,5392382.0,150008.0
185,2011,0.59,848030.4,7175755.0,39000.0
185,2012,0.62,1222256.0,7795778.0,106150.0
185,2013,0.6,1412960.96,10001480.0,
185,2014,0.56,1714803.25,8749132.0,
186,1999,0.0,,2079.0,
186,2000,0.0,0.0,170036.0,
186,2001,0.0,0.0,246043.0,
186,2002,0.0,0.0,142450.0,
186,2003,0.0,0.0,26482.0,
186,2004,0.0,124761.633,98759.0,
186,2005,0.0,19545.05,,
186,2006,0.0,36436.41,233710.0,
186,2007,0.0,36731.5,663235.0,
186,2008,0.0,95264.0,846429.0,
186,2009,0.0,78871.03133333333,1949400.0,
186,2010,0.0,9144.0,3504389.0,
186,2011,0.0,88219.0,3884987.0,
186,2012,0.0,113780.55,4874090.0,
186,2013,0.0,257491.62,6600374.0,
186,2014,0.0,167331.4,7063836.0,
187,1999,1.2958,,581498.0,
187,2000,1.2958,1699879.34,801546.0,
187,2001,1.2958,1967479.929,1434677.0,
187,2002,1.2958,2206861.1204500003,501980.0,
187,2003,1.2958,2319715.7679999997,663127.0,
187,2004,1.2958,1796366.62606,1275153.75,
187,2005,1.2958,1785209.57,,
187,2006,1.2958,2228506.543,566170.7,62840.0
187,2007,1.3,1609269.95,2233693.96,
187,2008,1.3,1863402.0,1869196.6,142560.0
187,2009,1.44,1621637.2803132,8331059.6,28578.0
187,2010,1.4,1741642.265,14450726.0,
187,2011,1.45,2749466.8,16772263.0,66000.0
187,2012,1.44,1328042.4,18030076.0,82000.0
187,2013,1.35,1073304.856,21255513.0,35000.0
187,2014,1.49,667800.239,22187675.0,
188,1999,0.0,,,
188,2000,0.0,860686.34,659519.0,
188,2001,0.0,1269958.929,117243.0,
188,2002,0.0,1016646.02,10929.0,
188,2003,0.0,1014493.40423,992.0,
188,2004,0.0,1169269.4202899998,121922.0,
188,2005,0.0,521641.47292000003,,
188,2006,0.0,246123.36778,6249.0,
188,2007,0.0,243087.054,140349.0,
188,2008,0.3,378190.945,881798.6,20000.0
188,2009,0.28,199083.39998632,1306772.0,
188,2010,0.28,225437.18384702,2403657.0,
188,2011,0.29,187181.0,2542357.0,299520.0
188,2012,0.31,500137.0,2908597.0,159240.0
188,2013,0.31,174834.0,2468470.0,
188,2014,0.34,157173.0,2744714.0,
189,1999,0.0,,72837.0,
189,2000,0.0,0.0,2356454.0,
189,2001,0.0,48299.929000000004,997636.0,
189,2002,0.0,24766.12,405549.0,
189,2003,0.0,0.0,113899.0,
189,2004,0.0,0.0,,
189,2005,0.0,0.0,,
189,2006,0.0,192212.0,238867.0,
189,2007,0.0,359619.4,897460.0,
189,2008,0.0,262007.0,801185.0,
189,2009,0.0,38105.0,715944.0,
189,2010,0.0,15113.0,1381073.0,
189,2011,0.0,22541.0,1100375.0,
189,2012,0.0,21919.0,1911287.0,
189,2013,0.0,62059.0,2877416.0,
189,2014,0.0,357323.0,4312289.0,
190,1999,0.0653,,65282.0,
190,2000,0.0653,0.0,1087026.0,
190,2001,0.0653,14983.929,587803.0,
190,2002,0.0653,-1042.88,129561.0,
190,2003,0.0653,91246.368,315916.0,
190,2004,0.0653,121865.633,916909.0,
190,2005,0.0653,990167.26,,
190,2006,0.0653,2446230.247,0.0,
190,2007,0.07,2912519.194,76834.0,
190,2008,0.07,2554713.297,210301.0,
190,2009,0.07,2156688.85007776,394792.5,
190,2010,0.07,1269577.57,366346.0,
190,2011,0.06,980391.27,1578376.0,
190,2012,0.06,1249224.4548333334,1994648.0,
190,2013,0.06,942701.392,2147628.0,
190,2014,0.07,525579.68,1703721.0,
191,1999,1.0038,,,
191,2000,1.0038,1732466.34,31080.0,
191,2001,1.0038,1480527.929,1051.0,
191,2002,1.0038,1771289.62,,
191,2003,1.0038,1840290.10876,30000.0,
191,2004,1.0038,1758846.48638,,
191,2005,1.0038,580310.6,,
191,2006,1.0038,724773.7,542542.0,
191,2007,1.0,583590.6,92558.0,
191,2008,1.0,3999594.82,1027625.0,
191,2009,0.97,4284073.0,7490251.0,
191,2010,0.99,3420860.6,4551554.0,
191,2011,1.11,3918538.44,5403566.0,
191,2012,1.14,1935322.35,8243722.0,
191,2013,1.08,1618711.0,11104285.0,
191,2014,1.07,2351381.16,11546229.0,
192,1999,0.7538,,21441.0,
192,2000,0.7538,604570.34,279781.0,
192,2001,0.7538,1080608.929,272496.0,
192,2002,0.7538,1485907.179,3733731.0,
192,2003,0.7538,1476073.868,914746.0,
192,2004,0.7538,2503176.37612,516282.0,
192,2005,0.7538,2444935.6599999997,,87780.0
192,2006,0.7538,2705781.72417,6004025.0,39200.0
192,2007,0.75,3053000.64693,1479519.0,
192,2008,0.75,2732771.76,2770590.0,
192,2009,0.65,4852077.7848663,3834267.0,8000.0
192,2010,0.69,3831715.62096745,3033200.0,
192,2011,0.72,5231918.41984,4626950.0,
192,2012,0.72,4620573.0,6640730.0,154000.0
192,2013,0.71,9728599.75,5764775.0,5800.0
192,2014,0.77,6766554.48985552,9997935.0,
193,2000,,601233.34,774.0,
193,2001,,572685.929,6127.0,
193,2002,,462607.74,1539.0,
193,2003,,277144.96178,10622.0,
193,2004,,368293.283,221991.0,
193,2005,,299258.26,,
193,2006,,219558.0,461517.0,
193,2007,,394002.0,720650.0,
193,2008,,500649.0,636732.0,70800.0
193,2009,,568439.99915,1129048.0,83520.0
193,2010,,422798.0,1894458.0,98471.0
193,2011,,772598.0,2215834.0,265726.0
193,2012,,758728.0,2950200.0,
193,2013,,788228.0,3689579.0,40000.0
193,2014,,357808.07,4000615.0,
194,1999,0.4304,,,
194,2000,0.4304,711002.34,1771077.0,
194,2001,0.4304,1221048.929,25220.0,
194,2002,0.4304,791516.11931,71561.0,
194,2003,0.4304,701656.768,683322.0,
194,2004,0.4304,1017604.253,211797.0,
194,2005,0.4304,1018466.275,,
194,2006,0.4304,1052399.0,846440.0,39862.0
194,2007,0.43,1017821.80077,2320221.0,49980.0
194,2008,0.43,784176.88,3833811.0,
194,2009,0.4,707593.0,5093191.49,3500.0
194,2010,0.38,672058.0,5188098.0,110896.0
194,2011,0.37,675360.94,6950139.0,
194,2012,0.37,1265360.0,9419398.0,117984.0
194,2013,0.36,724510.724,10768483.0,211852.0
194,2014,0.32,1808057.0,12563617.0,
195,1999,0.0,,396057.0,
195,2000,0.0,0.0,4653163.0,
195,2001,0.0,53056.429000000004,3959525.2,
195,2002,0.0,99679.12,3727573.7,
195,2003,0.0,0.0,3321718.07895,
195,2004,0.0,0.0,5695268.18,
195,2005,0.0,0.0,,
195,2006,0.0,0.0,7524301.25,
195,2007,1.01,598975.63,8153592.75,
195,2008,1.01,3001433.391,9617281.81,
195,2009,1.12,2124587.0551747,6397466.05,
195,2010,1.12,2944395.93941,7362863.0,
195,2011,1.14,3175598.95,8084947.0,
195,2012,1.17,2502392.4,6162234.0,15000.0
195,2013,1.12,1230347.46,15781111.0,
195,2014,1.02,2926181.82024,20614169.0,
196,1999,0.4285,,,
196,2000,0.4285,783563.34,969314.0,
196,2001,0.4285,1061778.929,113914.0,
196,2002,0.4285,778722.31192,859675.0,
196,2003,0.4285,1030515.98187,794543.0,
196,2004,0.4285,719245.16647,158699.0,
196,2005,0.4285,878312.76,,78932.0
196,2006,0.4285,1592296.48,45166.0,188964.0
196,2007,0.43,1354675.98,78341.0,136298.0
196,2008,0.43,1315954.72,561847.0,123310.0
196,2009,0.43,1094952.21,2101463.0,
196,2010,0.42,1026722.5553333333,7120553.0,314093.0
196,2011,0.41,1195901.0,10438892.0,144000.0
196,2012,0.43,960877.0,10694673.0,72000.0
196,2013,0.42,834295.64,13715043.0,
196,2014,0.44,457145.0,14433222.0,24000.0
197,1999,1.0653,,4850.0,
197,2000,1.0653,978669.34,5231760.0,
197,2001,1.0653,1781726.249,2576151.0,
197,2002,1.0653,2384144.765,3443438.0,
197,2003,1.0653,2702185.048,4422705.0,
197,2004,1.0653,3401452.9329999997,2972848.0,
197,2005,1.0653,3257091.0599999996,,182680.0
197,2006,1.0653,4553319.70003,3260917.0,189358.0
197,2007,1.07,4819165.39995,5010238.0,584416.0
197,2008,1.07,5909873.26,10567275.0,242000.0
197,2009,1.04,6179851.549980535,13805041.95,321000.0
197,2010,1.0,5723694.097,15703305.0,457000.0
197,2011,1.04,4398806.5,18439974.0,
197,2012,1.1,2310639.0,22020010.0,
197,2013,1.12,2226070.0,26290357.0,
197,2014,1.22,901252.0,29717282.0,
198,1999,1.2983,,,
198,2000,1.2983,2275815.34,265335.0,
198,2001,1.2983,2281034.929,2463621.0,
198,2002,1.2983,1837171.3400100002,3014833.0,
198,2003,1.2983,2045180.818,3736428.0,
198,2004,1.2983,2893516.7890999997,3565878.30093,
198,2005,1.2983,2410749.26,,36450.0
198,2006,1.2983,2355655.0,2652100.66706,
198,2007,1.3,2258422.0,2631139.88311,
198,2008,1.3,1549796.0,4273883.01115,
198,2009,1.51,1037505.5,8895222.00848,
198,2010,1.42,883556.0,14100689.0,
198,2011,1.4,1511358.0,11820657.0,
198,2012,1.39,1163239.0,12108545.0,
198,2013,1.38,923557.0,16328510.0,
198,2014,1.41,712093.0,19243377.0,165760.0
199,1999,,,99418.0,
199,2000,,2696319.34,808693.0,
199,2001,,2061857.929,227536.0,
199,2002,,2397847.12,349094.0,
199,2003,,2091616.918,230813.0,
199,2004,,1994728.933,20518.0,
199,2005,,1450175.775,,
200,1999,0.5528,,,
200,2000,0.5528,478677.34,1353234.0,
200,2001,0.5528,376205.929,226241.0,
200,2002,0.5528,457910.07,,
200,2003,0.5528,180817.368,,
200,2004,0.5528,243718.87928,394658.0,
200,2005,0.5528,107654.20814999999,,
200,2006,0.5528,1302640.26143,455694.0,
200,2007,0.55,274327.0,269369.0,
200,2008,0.55,235513.0,1498024.0,
200,2009,0.61,99291.513,2186304.0,
200,2010,0.61,368557.46023592,1974577.0,
200,2011,0.62,409321.7,1822600.0,
200,2012,0.64,412783.0,3161022.0,
200,2013,0.24,138103.0,3919040.0,
200,2014,0.21,0.0,5030097.0,
201,1999,1.1185,,165476.0,
201,2000,1.1185,1353884.34,2708522.0,
201,2001,1.1185,1531633.929,2162119.0,
201,2002,1.1185,1249660.6300000001,2500526.0,
201,2003,1.1185,1191263.278,2897415.0,
201,2004,1.1185,1445813.4874,2967599.0,
201,2005,1.1185,1771720.68,,484645.0
201,2006,1.1185,2228365.0,4031195.44319,668500.0
201,2007,1.12,2410367.47,5052139.70642,1132493.0
201,2008,1.12,1825946.8,4865923.0,606734.0
201,2009,1.37,1065565.0,5701591.0,426460.0
201,2010,1.41,1064990.0,12829711.0,518852.0
201,2011,1.4,1417849.0,18880047.0,
201,2012,1.18,2120427.86,23858236.0,148784.0
201,2013,1.13,4110227.18,23537456.0,464903.0
201,2014,1.96,2281418.0,36563015.0,532000.0
202,1999,0.9392,,,
202,2000,0.9392,1859080.34,3339169.0,
202,2001,0.9392,1390495.929,842571.0,
202,2002,0.9392,1873963.1705800002,1525191.0,
202,2003,0.9392,2260054.4179999996,477939.0,
202,2004,0.9392,1811729.474,534039.0,
202,2005,0.9392,2062164.06816,,
202,2006,0.9392,1925796.91083,14778.0,72400.0
202,2007,0.94,987620.7179,552405.0,
202,2008,0.94,953958.73,1264004.0,
202,2009,0.92,922149.242,3488543.0,
202,2010,0.92,1116984.044,3776771.0,
202,2011,0.91,1472621.0,6413064.0,
202,2012,0.91,777491.0,8985297.0,
202,2013,0.85,743048.0,11679774.0,
202,2014,0.8,748118.0,11964158.0,
203,1999,0.0,,7259.0,
203,2000,0.0,431159.34,616858.0,
203,2001,0.0,558065.929,332645.0,
203,2002,0.0,740192.32172,428864.0,
203,2003,0.0,701660.75305,601742.0,
203,2004,0.0,536923.093,446428.0,
203,2005,0.0,324730.21390000003,,
203,2006,0.0,571555.712,947524.0,
203,2007,0.0,426520.05,989291.0,
203,2008,0.0,424948.7,1020416.0,
203,2009,0.0,232271.57,2060744.0,
203,2010,0.0,107145.085,3002571.0,
203,2011,0.45,267674.6,3321423.0,
203,2012,0.45,373528.0,3996605.0,
203,2013,0.45,517650.410894289,6108354.0,
203,2014,0.47,299607.1,6385429.0,
204,1999,2.5526,,26756.0,
204,2000,2.5526,874777.34,427818.0,
204,2001,2.5526,778040.42832,402941.0,
204,2002,2.5526,453178.584,402077.0,
204,2003,2.5526,1152958.368,744851.0,
204,2004,2.5526,939478.633,1229861.4,
204,2005,2.5526,241587.36000000002,,
204,2006,2.5526,248204.0,984634.0,42000.0
204,2007,2.53,184038.0,1345734.0,
204,2008,2.53,183425.0,1942403.0,
204,2009,2.12,116898.813,3991579.0,
204,2010,2.09,197086.0,7372142.0,
204,2011,2.03,210152.65,10147987.0,
204,2012,2.02,257234.0,11196575.0,
204,2013,2.54,1842826.0,13015750.0,
204,2014,2.85,423543.01,14693847.0,
205,1999,,,11271.0,
205,2000,,0.0,7636934.0,
205,2001,,18211.929,1988629.0,
205,2002,,32695.12,2097310.0,
205,2003,,74908.368,2096464.0,
205,2004,,413737.633,351295.0,
205,2005,,241558.06,,
205,2006,,651225.12,2232090.35849,
205,2007,,121928.0,570302.0,
205,2008,,0.0,0.0,
205,2009,,0.0,0.0,
205,2010,,0.0,0.0,
205,2011,,0.0,0.0,
205,2012,,0.0,0.0,
205,2013,,0.0,0.0,
205,2014,,0.0,0.0,
206,1999,0.3823,,,
206,2000,0.3823,0.0,1254190.0,
206,2001,0.3823,9014.929,281388.0,
206,2002,0.3823,26197.12,,
206,2003,0.3823,38486.368,235611.0,
206,2004,0.3823,5633.894319999999,409103.0,
206,2005,0.3823,0.0,,
206,2006,0.3823,1137336.28,804060.0,375766.0
206,2007,0.38,1209881.44499,236175.0,604442.0
206,2008,0.38,610699.0,1152247.0,519000.0
206,2009,0.32,379338.0,2468906.1826651413,70000.0
206,2010,0.32,417626.957,2223289.0,
206,2011,0.31,264194.0,2821940.0,
206,2012,0.31,169708.0,4401943.0,
206,2013,0.31,92601.5,11429264.0,
206,2014,0.36,82676.0,11491390.0,
207,1999,0.0,,,
207,2000,0.0,835312.34,336965.0,
207,2001,0.0,886859.929,19003.0,
207,2002,0.0,427497.85161,,
207,2003,0.0,522754.368,,
207,2004,0.0,412206.88951999997,,
207,2005,0.0,311536.6817,,
207,2006,0.0,338765.0,552790.0,
207,2007,0.24,850973.3,2377673.0,207590.0
207,2008,0.24,1218105.05,1235004.0,326000.0
207,2009,0.25,677931.0,986408.0,293000.0
207,2010,0.25,861853.87,785165.0,220800.0
207,2011,0.25,612645.0,879582.0,
207,2012,0.25,566978.6,1152381.0,46400.0
207,2013,0.26,326192.0,2273306.0,
207,2014,0.23,17072.0,2561043.0,
208,1999,0.0,,338579.0,
208,2000,0.0,1763572.34,2617499.0,
208,2001,0.0,2024800.9274,2110113.0,
208,2002,0.0,2145646.99047,2305568.0,
208,2003,0.0,1919438.623,2719653.97811,
208,2004,0.0,2265261.133,2306827.0,
208,2005,0.0,1726251.58038,,
208,2006,0.0,947764.2,2198891.0,
208,2007,0.0,1110852.0,2327608.0,
208,2008,0.0,1313363.0,2268872.98,
208,2009,0.0,880047.0,2595360.0,
208,2010,0.0,1236480.0,4124621.0,
208,2011,0.0,1902595.0,4977681.0,
208,2012,0.0,1885241.0,5853140.0,
208,2013,0.0,1626359.71,5719540.0,
208,2014,0.0,885240.683,7658865.0,
209,1999,0.0231,,10490.0,
209,2000,0.0231,0.0,104538.0,
209,2001,0.0231,53886.929000000004,37419.0,
209,2002,0.0231,10397.119999999999,620643.0,
209,2003,0.0231,117791.068,452864.0,
209,2004,0.0231,435782.633,646380.0,
209,2005,0.0231,9059891.82165,,
209,2006,0.0231,2415226.0,698852.0,
209,2007,0.02,2211718.0,1610951.0,40656.0
209,2008,1.16,2273646.053,1816430.0,637934.0
209,2009,0.77,2984304.15147,3135833.0,66640.0
209,2010,0.77,1889722.0,6803834.0,
209,2011,0.79,2776229.75,6725905.0,
209,2012,0.79,1067744.0,10949115.0,
209,2013,0.81,617044.0012,12970548.0,
209,2014,0.78,798605.0,12780010.0,
210,1999,0.0,,,
210,2000,0.0,0.0,913267.0,
210,2001,0.0,0.0,94296.0,
210,2002,0.0,0.0,255356.0,
210,2003,0.0,34525.368,493780.0,
210,2004,0.0,20225.633,651031.0,
210,2005,0.0,0.0,,
210,2006,0.0,30705.0,530088.0,
210,2007,0.0,0.0,920404.0,
210,2008,0.0,28184.0,1952902.0,
210,2009,0.0,4450.0,2079553.0,
210,2010,0.0,0.0,2477663.0,
210,2011,0.0,0.0,2624312.0,
210,2012,0.0,111288.0,3673771.0,
210,2013,0.0,2190.0,3908749.0,
210,2014,0.0,30940.413,4789356.0,
211,1999,0.7892,,885.0,
211,2000,0.7892,1264282.34,1512221.0,
211,2001,0.7892,1050045.929,238733.0,
211,2002,0.7892,1169439.1197600001,243142.0,
211,2003,0.7892,1265010.368,294298.0,
211,2004,0.7892,1399941.13457,216386.0,
211,2005,0.7892,1197514.46,,42079.0
211,2006,0.7892,1775044.32,143055.0,243451.0
211,2007,0.79,1994028.0001,265694.0,276171.0
211,2008,0.79,2041047.24,1699651.0,210770.0
211,2009,0.89,757659.65,2924312.0,182608.0
211,2010,0.02,880492.39105088,4163165.0,3310.0
211,2011,0.05,1070536.876,4856588.0,275691.0
211,2012,0.0,843031.5,9254126.0,1189039.0
211,2013,0.03,940775.8,13137268.0,455347.0
211,2014,0.0,327388.728,16614784.0,310912.0
212,1999,0.471,,,
212,2000,0.471,1187067.34,6474.0,
212,2001,0.471,1265629.929,226588.0,
212,2002,0.471,1046884.2400000001,206405.0,
212,2003,0.471,1419644.368,1709215.0,
212,2004,0.471,1278369.133,5250571.0,
212,2005,0.471,1930511.26,,97009.0
212,2006,0.471,3107821.42697,3140802.0,149448.0
212,2007,0.47,2340248.01995,3080121.0,248144.0
212,2008,0.47,2073962.0,3731481.0,
212,2009,0.4,1223872.0,4236355.0423315605,
212,2010,0.53,813718.0,6601648.0,19343.0
212,2011,0.54,1191184.0,8582618.0,
212,2012,0.52,909345.0,10630539.0,
212,2013,0.5,596263.928,12278432.0,30557.0
212,2014,0.6,977935.0,12416003.0,
213,1999,0.0,,,
213,2000,0.0,518790.34,16699.0,
213,2001,0.0,450246.929,1759.0,
213,2002,0.0,347342.8,,
213,2003,0.0,208645.993,181799.0,
213,2004,0.0,232330.633,204472.0,
213,2005,0.0,191442.39916,,
213,2006,0.0,166933.0,335904.0,
213,2007,0.0,159572.0,305114.0,
213,2008,0.0,174673.0,452516.0,
213,2009,0.0,131962.0,625784.0,
213,2010,0.0,125256.0,1175281.0,
213,2011,0.0,140256.0,1683369.0,
213,2012,0.0,70186.0,3587914.0,
213,2013,0.0,68676.0,4431274.0,
213,2014,0.0,80402.0,4342789.0,
214,1999,0.7199,,,
214,2000,0.7199,1512318.34,42630.0,
214,2001,0.7199,1450254.929,785.0,
214,2002,0.7199,1538741.62,287088.0,
214,2003,0.7199,1418040.23617,132940.0,
214,2004,0.7199,1823978.633,287178.0,
214,2005,0.7199,6177873.46602,,
214,2006,0.7199,1901179.0,589894.0,
214,2007,0.79,2438313.898,577103.0,
214,2008,0.79,1516678.07523,959951.0,
214,2009,0.71,989197.131,1304304.0,
214,2010,0.73,1313867.154,3832716.0,
214,2011,0.74,763480.0,4609619.0,
214,2012,0.72,815025.0,6077091.0,
214,2013,0.7,701933.0,7762967.0,
214,2014,0.8,715559.0,12203979.0,
215,1999,0.0,,187658.0,
215,2000,0.0,0.0,976523.0,
215,2001,0.0,23224.929,561016.0,
215,2002,0.0,-774.8800000000001,1917339.0,
215,2003,0.0,43548.368,2220907.0,
215,2004,0.0,123965.633,1694170.0,
215,2005,0.0,0.0,,
215,2006,0.0,199425.05,1061257.0,
215,2007,0.0,0.0,1170096.0,
215,2008,0.0,0.0,2274555.0,
215,2009,0.0,0.0,2989276.0,
215,2010,0.0,0.0,5771067.0,
215,2011,0.0,0.0,6668603.0,
215,2012,0.0,18480.0,7613832.0,
215,2013,0.0,3838.093,9574199.0,
215,2014,0.0,1580.0,12604191.0,
216,1999,1.965,,75400.0,
216,2000,1.965,2150456.34,1007452.0,
216,2001,1.965,2501427.929,824111.0,
216,2002,1.965,2290003.8477600003,3379.0,
216,2003,1.965,2732325.2561,352759.0,
216,2004,1.965,2999475.06702,629972.7,
216,2005,1.965,2389710.26,,
216,2006,1.965,1802854.0,2184609.0,
216,2007,1.97,1354436.564,2079592.0,
216,2008,1.97,1660504.27,2388260.0,
216,2009,1.92,1460823.71,3435795.0,
216,2010,2.01,1672908.325,5246642.0,87000.0
216,2011,2.13,2692827.00011,9012418.0,120000.0
216,2012,1.99,1399563.0,13644895.0,90000.0
216,2013,1.96,1357946.0,13429618.0,55000.0
216,2014,1.9,1583064.59998,15877777.0,
217,1999,0.7884,,102859.0,
217,2000,0.7884,1062296.34,1955110.0,
217,2001,0.7884,1163177.929,825636.0,
217,2002,0.7884,1237881.40048,755386.0,
217,2003,0.7884,439016.358,980969.0,
217,2004,0.7884,252932.71427,51631.1,
217,2005,0.7884,762918.5686700001,,360000.0
217,2006,0.7884,599242.844,186182.0,557200.0
217,2007,0.79,912001.81592,1103101.0,1205751.0
217,2008,0.79,495131.64,2425774.0,401876.0
217,2009,0.77,596043.0,2174626.0,319327.0
217,2010,0.76,648177.0,3018000.0,43617.0
217,2011,0.79,484100.0,3343903.0,43617.0
217,2012,0.76,419877.0,6969376.0,
217,2013,0.78,450187.0,6865526.0,
217,2014,0.88,512292.9,7859806.0,
218,1999,0.871,,8241.0,
218,2000,0.871,2199888.34,291295.0,
218,2001,0.871,2254143.929,292076.57143,
218,2002,0.871,2139376.92638,246078.0,
218,2003,0.871,2151149.087,448177.0,
218,2004,0.871,2392706.6472799997,230940.0,
218,2005,0.871,3604919.84655,,
218,2006,0.871,3144149.147,501640.0,159026.0
218,2007,0.87,2568301.3,730960.0,389574.0
218,2008,0.87,2151961.0,700414.0,187968.0
218,2009,0.73,1309460.03,1188745.0,40000.0
218,2010,0.76,657013.0,2433576.0,334200.0
218,2011,0.72,632594.0,2222945.0,33736.0
218,2012,0.73,398057.0,4148411.0,
218,2013,0.74,389386.0,5740430.0,11500.0
218,2014,0.71,432675.0,6409018.0,
219,2000,,293912.34,135526.0,
219,2001,,131862.929,106620.0,
219,2002,,145376.40946,325.0,
219,2003,,150717.16799999998,29217.0,
219,2004,,143563.7296,,
219,2005,,236984.48,,
219,2006,,41686.0,115029.0,
219,2007,,73353.0,554809.0,
219,2008,,169470.0,587812.0,
219,2009,,61261.0,999334.0,
219,2010,,63065.0,1342486.0,
219,2011,,133779.0,1335669.0,
219,2012,,69245.0,1309485.0,
219,2013,,30411.0,1302760.0,
219,2014,,62667.0,1126164.0,
220,1999,,,49045.0,
220,2000,,536680.34,1988799.0,
220,2001,,644060.929,502373.0,
220,2002,,326772.12,5347.0,
220,2003,,76322.368,38826.0,
220,2004,,178463.633,,
220,2005,,393042.26,,27500.0
220,2006,,1022726.0,10088.0,138000.0
220,2007,,1094234.0,818256.0,15000.0
220,2008,,1533440.0,2562371.0,
220,2009,,1226246.0,2447072.0,
220,2010,,1107004.0,2801052.0,
220,2011,,1326458.0,3069766.0,
220,2012,,1520543.0,3417418.0,
220,2013,,1456930.08,4766910.0,
220,2014,,963623.0,6073116.0,
221,1999,,,63927.0,
221,2000,,2906827.3347799997,8730208.0,
221,2001,,5708041.58567,1611534.0,
221,2002,,6294271.63796,1279507.16667,
221,2003,,6108826.74622,1310454.0,
221,2004,,7095412.633,977870.0,
221,2005,,5527291.317129999,,120277.0
221,2006,,3395292.613,407631.0,80000.0
221,2007,,3043785.0,902306.0,960000.0
221,2008,,2728535.201,4743107.0,
221,2009,,1854699.0,7906954.0,
221,2010,,1815870.0,8336248.0,
221,2011,,1181749.0,8538796.0,
221,2012,,1158016.057,11050163.0,
221,2013,,1471577.59,13369859.0,45100.0
221,2014,,589539.0,17112252.0,
222,1999,0.0,,1321.0,
222,2000,0.0,1716948.34,704586.0,
222,2001,0.0,1271419.73325,31512.0,
222,2002,0.0,1474230.08,129264.0,
222,2003,0.0,1738466.36983,262878.0,
222,2004,0.0,1635377.7929999998,91243.0,
222,2005,0.0,1786418.56,,31840.0
222,2006,0.0,2779388.18276,60909.0,41624.0
222,2007,0.0,3464399.0,90447.0,
222,2008,0.0,3245056.82,688180.82,
222,2009,0.0,4894975.0,2770249.56010101,
222,2010,0.0,1974096.0,4837261.0,
222,2011,0.0,2374395.0,5452687.0,
222,2012,0.0,1809623.0,7268677.0,
222,2013,0.0,3287626.0,9348846.0,
222,2014,0.0,4187985.22,8820099.0,
223,1999,0.8462,,38776.0,
223,2000,0.8462,963405.34,356145.0,
223,2001,0.8462,1332447.129,305394.0,
223,2002,0.8462,752180.92,528126.0,
223,2003,0.8462,598541.368,1114162.0,
223,2004,0.8462,700793.233,999286.0,
223,2005,0.8462,1085421.02252,,
223,2006,0.8462,1625708.0,2184666.0,
223,2007,0.85,1590198.0,1498401.0,
223,2008,0.85,2261962.0,4155576.0,
223,2009,0.79,1529113.0,4791231.0,
223,2010,0.76,1292770.0,5983079.0,
223,2011,0.78,1415967.0,7808811.0,
223,2012,0.84,1676928.0,9699348.0,
223,2013,0.81,1589730.0,10396446.0,
223,2014,0.67,717831.0,13207183.0,77361.0
224,1999,0.0946,,,
224,2000,0.0946,0.0,1976516.0,
224,2001,0.0946,0.0,437105.0,
224,2002,0.0946,0.0,463882.0,
224,2003,0.0946,0.0,1040817.0,
224,2004,0.0946,0.0,1305378.0,
224,2005,0.0946,110905.26,,
224,2006,0.0946,661915.0,1639671.6,
224,2007,0.09,785728.2,1859811.0,
224,2008,0.09,309196.706,2207452.4,
224,2009,0.11,354155.185,4706781.0,
224,2010,0.11,38405.0,6463741.0,
224,2011,0.11,92619.0,8300804.0,
224,2012,0.1,585016.0,6841797.0,
224,2013,0.11,821140.9,6908378.0,
224,2014,0.1,1156501.88,8091698.0,
225,1999,0.0,,327894.0,
225,2000,0.0,816889.34,4839183.0,
225,2001,0.0,1971106.929,4933181.0,
225,2002,0.0,1703621.77052,6683862.0,
225,2003,0.0,1311574.318,7892895.0,
225,2004,0.0,758577.0077300001,9635128.75111,
225,2005,0.0,979421.81,,
225,2006,0.0,1019788.99042,3048043.0,27436.0
225,2007,0.0,987932.0,2896054.0,33714.0
225,2008,0.0,2127671.5,3281229.46,
225,2009,0.0,3218004.75,3756896.0,
225,2010,0.0,1924161.0,4769273.0,
225,2011,0.0,3169031.1,5531592.0,
225,2012,0.0,1339997.5,7970706.0,
225,2013,0.0,1363410.98,7268327.0,
225,2014,0.0,1273975.2,11731184.0,
226,2000,,1626604.34,2443558.0,
226,2001,,1399083.929,183596.0,
226,2002,,1537120.12,,
226,2003,,1261625.608,120083.0,
226,2004,,1447727.565,715297.0,
226,2005,,1162547.44809,,36768.0
226,2006,,1256553.292,541619.0,
226,2007,,2024955.382,362525.0,154782.0
226,2008,,1518780.98699,954929.0,603838.0
226,2009,,1008222.60001,2536237.0,120840.0
226,2010,,2154409.138,4614149.0,103000.0
226,2011,,1799948.99992,8235529.0,399050.0
226,2012,,872024.521,10016609.0,147651.0
226,2013,,500543.0,13239966.0,173000.0
226,2014,,36802.64,2689423.0,
227,1999,0.0,,118067.0,
227,2000,0.0,976094.34,3086722.0,
227,2001,0.0,825800.929,1912629.0,
227,2002,0.0,855947.67709,773764.0,
227,2003,0.0,1064709.88392,1994599.0,
227,2004,0.0,1099807.80812,3079447.0,
227,2005,0.0,782630.9861,,
227,2006,0.0,586716.64,1467515.2411,
227,2007,0.0,308029.46,3854740.48,13212.0
227,2008,0.0,713071.241,4567998.7,
227,2009,0.03,834868.21,2691331.0,
227,2010,0.03,1093610.01,4313338.0,
227,2011,0.02,1173158.0,5270673.0,
227,2012,0.02,1604687.015,5310529.0,
227,2013,0.02,2563418.258,7410618.0,
227,2014,0.02,3047934.18,9490356.0,31900.0
228,1999,1.949,,431134.0,
228,2000,1.949,2216474.34,2294772.0,
228,2001,1.949,1711729.929,1311830.0,
228,2002,1.949,1586895.29798,3127166.0,
228,2003,1.949,1977777.01844,4742574.0,
228,2004,1.949,1904815.473,2845880.0,
228,2005,1.949,3845407.29341,,79503.0
228,2006,1.949,1249022.0,2577344.0,1296318.0
228,2007,1.95,1467091.0,2999407.0,697240.0
228,2008,1.95,5336072.0,3869927.0,527872.0
228,2009,1.89,2463950.151,6829474.0,521872.0
228,2010,2.0,1642750.0,15989609.0,1698362.0
228,2011,2.05,2305503.0,15929554.0,1859737.0
228,2012,2.02,1494529.0,23884758.0,949000.0
228,2013,2.05,804254.8,25529794.0,534000.0
228,2014,2.48,702631.516,27664284.0,208360.0
229,1999,0.3968,,174443.0,
229,2000,0.3968,534533.34,2851839.0,
229,2001,0.3968,704139.92948,605554.0,
229,2002,0.3968,514965.02,692018.0,
229,2003,0.3968,969012.26,1789861.0,
229,2004,0.3968,1010415.40312,1711004.0,
229,2005,0.3968,676326.444,,
229,2006,0.3968,1409859.5,1299921.0,
229,2007,0.4,1147566.0,2264154.0,
229,2008,0.4,1326776.19,2802540.83333,
229,2009,0.35,1163664.9500026,3985746.897005631,
229,2010,0.32,1516674.094015507,2066471.0,
229,2011,0.32,1335024.66,1686208.0,
229,2012,0.35,1898321.0,2932306.0,
229,2013,0.33,1639517.0,3376488.0,
229,2014,0.39,1250821.0,3848271.0,
230,1999,0.0,,,
230,2000,0.0,0.0,116803.0,
230,2001,0.0,0.0,77812.0,
230,2002,0.0,0.0,132233.0,
230,2003,0.0,0.0,1459016.0,
230,2004,0.0,94985.633,1182467.0,
230,2005,0.0,16808.26,,
230,2006,0.0,78.0,1019162.0,
230,2007,0.0,0.0,516160.0,
230,2008,0.0,2385.0,661343.0,
230,2009,0.0,81.0,367295.0,
230,2010,0.0,0.0,634817.824,
230,2011,0.0,6448.0,858493.0,
230,2012,0.0,952.0,907827.0,
230,2013,0.0,0.0,1392454.0,
230,2014,0.0,89587.0,2087775.0,
231,1999,0.7217,,,
231,2000,0.7217,3625254.34,67527.0,
231,2001,0.7217,4139533.579,2606.0,
231,2002,0.7217,3097451.56073,499940.0,
231,2003,0.7217,3361221.1679999996,779540.0,
231,2004,0.7217,4200609.15417,1112797.0,
231,2005,0.7217,4960147.279999999,,374512.0
231,2006,0.7217,6970762.95262,1276654.0,193748.0
231,2007,0.72,7515232.0,985104.0,531262.0
231,2008,0.72,6580499.0,2779361.0,634574.0
231,2009,0.9,6329174.0,4201434.0,525898.0
231,2010,0.87,6122517.8,4535980.0,204452.0
231,2011,0.8,5488707.0,4873322.0,245867.0
231,2012,0.77,5125185.0,6349864.0,55444.0
231,2013,0.79,4643877.0,7623213.0,
231,2014,0.69,2658678.0,8811034.0,85870.0
232,1999,0.6575,,,
232,2000,0.6575,1635446.34,43278.0,
232,2001,0.6575,1524482.929,36927.51613,
232,2002,0.6575,1522495.57,8650.0,
232,2003,0.6575,1685631.3712,101762.0,
232,2004,0.6575,1521105.5371899998,16552.0,
232,2005,0.6575,1591090.26,,
232,2006,0.6575,1389401.79,22988.0,
232,2007,0.66,895525.517,14326.0,
232,2008,0.66,988044.0,231908.0,
232,2009,0.52,505908.5,1292484.0,
232,2010,0.51,232774.0,2364396.0,
232,2011,0.51,200728.0,3057280.0,
232,2012,0.49,478079.0,3691838.0,
232,2013,0.47,17994.0,3875040.0,
232,2014,0.48,557051.0,4093074.0,
233,1999,0.0,,130720.0,
233,2000,0.0,0.0,3689531.0,
233,2001,0.0,14198.929,1643676.0,
233,2002,0.0,4248.87,1595066.33333,
233,2003,0.0,0.0,2319146.2,
233,2004,0.0,336065.633,1940297.0,
233,2005,0.0,88805.26,,
233,2006,0.0,46636.5,1951448.0,
233,2007,0.0,1225.0,3346687.0,
233,2008,0.0,0.0,4185991.0,
233,2009,0.0,0.0,6155336.820027064,
233,2010,0.0,450.0,5592347.0,
233,2011,0.0,1920.0,8531217.0,
233,2012,0.0,0.0,12620462.0,
233,2013,0.0,456.0,16187510.0,
233,2014,0.0,0.0,18566536.0,
234,1999,0.0,,,
234,2000,0.0,1756941.34,1323.0,
234,2001,0.0,728479.929,5209.0,
234,2002,0.0,0.0,,
234,2003,0.0,3425.672,,
234,2004,0.0,146505.633,383.0,
234,2005,0.0,61531.259999999995,,
234,2006,0.0,171500.0,36331.0,
234,2007,0.0,78580.0,103600.0,
234,2008,0.0,6917.0,435418.0,
234,2009,0.0,0.0,1315716.0,
234,2010,0.0,0.0,2480112.0,
234,2011,0.0,1520.0,2922607.0,
234,2012,0.0,13200.0,3299453.0,
234,2013,0.0,0.0,4310999.0,
234,2014,0.0,0.0,5499747.0,
235,1999,0.0,,,
235,2000,0.0,0.0,690687.0,
235,2001,0.0,0.0,479770.0,
235,2002,0.0,0.0,426171.0,
235,2003,0.0,15817.368,650978.0,
235,2004,0.0,255486.633,1091359.0,
235,2005,0.0,16927.894999999997,,
235,2006,0.0,59849.635,1453107.0,
235,2007,0.0,0.0,1295604.0,
235,2008,0.0,43092.0,895843.0,
235,2009,0.0,1075.0,1200842.0,
235,2010,0.0,0.0,1572655.0,
235,2011,0.0,0.0,2770342.0,
235,2012,0.0,0.0,4834991.0,
235,2013,0.0,0.0,4689058.0,
235,2014,0.0,161.0,5294527.0,
236,1999,0.1988,,,
236,2000,0.1988,1306015.34,164261.0,
236,2001,0.1988,636656.929,159685.0,
236,2002,0.1988,425437.82,83723.0,
236,2003,0.1988,316716.168,116143.0,
236,2004,0.1988,587919.633,51271.0,
236,2005,0.1988,595955.26,,57824.0
236,2006,0.1988,1330951.0,41899.0,54726.0
236,2007,0.2,819794.5,314915.0,156670.0
236,2008,0.2,1367086.0,167015.0,
236,2009,0.18,868788.0,392840.0,38750.0
236,2010,0.17,805034.0,467551.0,
236,2011,0.17,1360721.0,963466.0,
236,2012,0.18,1015076.0,1435745.0,
236,2013,0.18,1133875.0,1829575.0,
236,2014,0.15,946907.0,1939368.0,
237,1999,0.0,,65172.0,
237,2000,0.0,0.0,1888924.0,
237,2001,0.0,0.0,915112.0,
237,2002,0.0,0.0,1160608.0,
237,2003,0.0,0.0,887542.0,
237,2004,0.0,0.0,871574.0,
237,2005,0.0,51623.259999999995,,
237,2006,0.0,41520.0,1416114.0,
237,2007,0.0,27434.0,2062920.0,
237,2008,0.0,62604.0,1696599.0,
237,2009,0.0,0.0,2185418.0,
237,2010,1.18,509350.25,1995480.0,
237,2011,0.97,1755385.67,2802837.0,
237,2012,0.01,1300619.0,1857437.0,
237,2013,0.0,122609.0,2271945.0,
237,2014,0.0,56688.0,2102861.0,
238,1999,,,38671.0,
238,2000,,0.0,1054195.0,
238,2001,,42309.879,517745.0,
238,2002,,16280.119999999999,373660.0,
238,2003,,94560.96800000001,247323.0,
238,2004,,0.0,524043.0,
238,2005,,0.0,,
238,2006,,28722.0,427262.0,
238,2007,,0.0,422381.0,
238,2008,,43050.0,216278.0,
238,2009,,0.0,375386.0,
238,2010,,390476.46,1278621.0,
238,2011,,419554.0,2335990.0,70836.0
238,2012,,843103.0,2379689.0,17280.0
238,2013,,805859.0,2811233.0,
238,2014,,445123.0,3173955.0,
239,1999,0.0,,61955.0,
239,2000,0.0,2647567.34,2301460.0,
239,2001,0.0,2390455.929,1012562.0,
239,2002,0.0,2186025.31809,1817578.0,
239,2003,0.0,2450738.08316,1000740.0,
239,2004,0.0,2629530.983,652607.0,
239,2005,0.0,3601354.5599999996,,
239,2006,0.0,3988774.36,1670014.0,
239,2007,0.0,3699917.0,1539447.0,
239,2008,0.0,3859317.0,4791234.4,
239,2009,0.0,3903194.0,7881403.0,
239,2010,0.4,3048811.0,11370771.0,
239,2011,0.39,3337865.0,14369136.0,8800.0
239,2012,0.38,4439999.32,16162949.0,37100.0
239,2013,0.37,5614086.2,21004060.0,397100.0
239,2014,0.4,7447560.41286756,24011043.0,89140.0
240,1999,0.0,,166106.0,
240,2000,0.0,0.0,3981572.0,
240,2001,0.0,0.0,3827403.0,
240,2002,0.0,-1504.88,3223379.02222,
240,2003,0.0,56641.368,2952089.0,
240,2004,0.0,0.0,4285914.0,
240,2005,0.0,893458.241,,
240,2006,0.0,37176.0,2786851.0,
240,2007,0.0,56444.0,7740254.0,
240,2008,0.0,551530.0,7215372.0,
240,2009,0.0,119105.0,5297088.0,
240,2010,0.0,66942.0,6493008.0,
240,2011,0.0,128308.0,12014220.0,
240,2012,0.0,189190.0,14886931.0,
240,2013,0.0,64538.0,20673880.0,
240,2014,0.0,9786.0,17979240.0,
241,1999,0.2547,,,
241,2000,0.2547,464990.34,401.0,
241,2001,0.2547,402836.929,,
241,2002,0.2547,328848.12,10340.0,
241,2003,0.2547,279641.368,30479.0,
241,2004,0.2547,192595.633,,
241,2005,0.2547,311503.26,,
241,2006,0.2547,137180.0,0.0,
241,2007,0.25,431629.4,12590.0,
241,2008,0.25,304944.0,326826.0,
241,2009,0.2,186772.0,373142.0,
241,2010,0.2,251059.0,539152.0,
241,2011,0.2,116681.0,891306.0,
241,2012,0.19,26578.0,2239164.0,
241,2013,0.19,45167.0,2194781.0,
241,2014,0.19,11509.0,3544177.0,
242,1999,0.0,,,
242,2000,0.0,0.0,992622.0,
242,2001,0.0,0.0,245552.0,
242,2002,0.0,0.0,,
242,2003,0.0,0.0,225.0,
242,2004,0.0,0.0,17808.0,
242,2005,0.0,20010.26,,45000.0
242,2006,0.0,142422.29269,90218.0,
242,2007,0.0,241228.0,711190.0,
242,2008,0.0,347203.0,1573205.0,
242,2009,0.0,307266.93994,1791833.0,
242,2010,0.0,273829.0,4989995.0,
242,2011,0.0,127685.0,4627708.0,
242,2012,0.0,214147.0,6562744.0,
242,2013,0.0,35021.0,8635609.0,
242,2014,0.0,105674.0,10285879.0,
243,1999,0.0,,131313.0,
243,2000,0.0,0.0,6706490.0,
243,2001,0.0,39400.929000000004,1392399.0,
243,2002,0.0,149.1199999999999,2032700.6,
243,2003,0.0,10807.368,2423365.0,
243,2004,0.0,0.0,3385102.0,
243,2005,0.0,0.0,,
243,2006,0.0,84775.0,4507970.0,
243,2007,0.0,36570.0,4907920.0,
243,2008,0.0,41755.0,6291427.0,
243,2009,0.0,0.0,9157548.0,80000.0
243,2010,0.0,119521.0,10905546.0,54000.0
243,2011,0.0,19390.0,9560233.0,25000.0
243,2012,0.0,323097.0,10600761.0,174598.0
243,2013,0.0,1482908.5,16947431.0,1170028.0
243,2014,0.0,1197836.0,18526685.0,692092.0
244,1999,0.1311,,107642.0,
244,2000,0.1311,645763.34,2981031.0,
244,2001,0.1311,745192.929,941451.0,
244,2002,0.1311,359346.42,2153697.0,
244,2003,0.1311,442264.44798,2405787.0,
244,2004,0.1311,732847.873,1655466.0,
244,2005,0.1311,419613.36,,121590.0
244,2006,0.1311,1289153.75,1481778.0,547417.0
244,2007,0.0,1095119.652,3681672.0,883892.0
244,2008,0.68,1761639.0,6442637.0,239350.0
244,2009,0.71,1471993.0,6806625.0,30480.0
244,2010,0.67,1661688.82,9233320.0,
244,2011,0.69,632323.0,11873147.0,
244,2012,0.7,505868.0,13839857.0,
244,2013,0.68,674528.14,12291779.0,
244,2014,0.74,369366.40312,14037455.0,
245,1999,0.0,,,
245,2000,0.0,0.0,167807.0,
245,2001,0.0,29299.929,3413.0,
245,2002,0.0,-1856.38,31760.0,
245,2003,0.0,18587.368,4916.0,
245,2004,0.0,135490.633,,
245,2005,0.0,17608.26,,
245,2006,0.0,75590.0,173419.0,
245,2007,0.0,33002.0,365509.0,
245,2008,0.0,46159.0,731052.0,
245,2009,0.0,0.0,1654401.0,
245,2010,0.0,38344.0,1975718.0,
245,2011,0.0,0.0,2572732.0,
245,2012,0.0,67226.0,1458981.0,
245,2013,0.0,115162.0,3062943.0,
245,2014,0.0,0.0,3880416.0,
246,1999,0.0,,71638.0,
246,2000,0.0,0.0,614547.0,
246,2001,0.0,70461.529,384518.0,
246,2002,0.0,21198.12,140029.0,
246,2003,0.0,0.0,985837.0,
246,2004,0.0,95009.633,1094475.9,
246,2005,0.0,56330.259999999995,,
246,2006,0.0,47324.0,834619.0,
246,2007,0.0,0.0,717817.0,
246,2008,0.0,68.0,710823.0,
246,2009,0.0,0.0,1208180.8,
246,2010,0.0,0.0,1566444.0,
246,2011,0.0,0.0,2329188.0,
246,2012,0.0,248409.0,2265759.0,
246,2013,0.0,354396.0,3121658.0,
246,2014,0.0,199151.0,3763081.0,
247,1999,0.0176,,21528.0,
247,2000,0.0176,0.0,3458621.0,
247,2001,0.0176,0.0,1604483.0,
247,2002,0.0176,0.0,1219381.35022,
247,2003,0.0176,0.0,1736266.0,
247,2004,0.0176,0.0,1365001.0,
247,2005,0.0176,73533.26,,
247,2006,0.0176,107186.0,1335098.00551,
247,2007,0.02,102598.0,820420.0,
247,2008,0.02,49049.261,1006218.0,
247,2009,0.02,27787.0,617013.0,
247,2010,0.02,18182.0,2592400.0,
247,2011,0.02,174821.0,4478450.0,
247,2012,0.02,93700.0,6027627.0,
247,2013,0.02,331103.0,8806773.0,147840.0
247,2014,0.62,460391.056,8735715.0,
248,1999,0.0,,132815.0,
248,2000,0.0,1682975.34,10405151.0,
248,2001,0.0,2747369.11919,4983102.0,
248,2002,0.0,2914144.37372,4475209.0,
248,2003,0.0,1056628.3281,3256123.0,
248,2004,0.0,1982737.4473299999,3186477.0,
248,2005,0.0,986519.31984,,
248,2006,0.0,1128220.71952,2360811.0,
248,2007,0.0,805352.0,2394272.0,
248,2008,0.0,978468.0,4712287.08012,
248,2009,0.0,824271.0,8880858.235,
248,2010,0.0,489104.0,12703873.0,20000.0
248,2011,0.0,422121.0,11645059.0,
248,2012,0.0,475877.95,14581899.0,
248,2013,0.0,477830.4,19485651.0,
248,2014,0.0,216970.0,16717222.0,
249,1999,0.0,,215887.0,
249,2000,0.0,379971.34,2260644.0,
249,2001,0.0,423654.929,1964482.0,
249,2002,0.0,429445.81,1567597.0,
249,2003,0.0,209588.39684,2541535.0,
249,2004,0.0,343444.633,1925614.0,
249,2005,0.0,513921.26,,
249,2006,0.0,170834.0,2630064.0,
249,2007,0.02,76143.0,2516455.0,15360.0
249,2008,0.02,185777.0,2112448.0,
249,2009,0.02,86131.0,3418844.0,
249,2010,0.02,130688.0,5576118.0,
249,2011,0.02,277424.0,5313014.0,
249,2012,0.02,205683.0,5439095.0,
249,2013,0.02,622053.86,7656269.0,100000.0
249,2014,0.02,718253.866,7540812.0,192253.0
250,1999,0.6821,,21693.0,
250,2000,0.6821,1097856.34,961448.0,
250,2001,0.6821,1106037.929,531795.0,
250,2002,0.6821,1414690.24166,507311.0,
250,2003,0.6821,1458895.368,69653.74,
250,2004,0.6821,905431.633,439688.0,
250,2005,0.6821,1190531.26,,173000.0
250,2006,0.6821,1726028.3,299093.0,405273.0
250,2007,0.81,1752141.7,4928151.0,202000.0
250,2008,0.81,1578615.45421,9856796.0,
250,2009,1.1,1068599.25501,13935453.0,
250,2010,1.03,782503.188,17726948.0,
250,2011,1.05,756562.3,19110701.0,
250,2012,1.07,342554.0,23190607.0,
250,2013,1.09,1494067.988,26937265.0,
250,2014,1.1,1566386.00002,27919837.0,
251,1999,0.2971,,,
251,2000,0.2971,387376.34,37491.0,
251,2001,0.2971,550462.929,47986.0,
251,2002,0.2971,325225.299,93854.0,
251,2003,0.2971,375462.76790000004,19600.0,
251,2004,0.2971,336248.06983999995,6641.0,
251,2005,0.2971,373133.7,,
251,2006,0.2971,353567.20004,0.0,
251,2007,0.3,444121.09994,243823.0,
251,2008,0.3,455853.0,518866.3,
251,2009,0.23,1327039.65,866014.0,248069.0
251,2010,0.25,331710.25,1020845.0,57300.0
251,2011,0.26,168924.0,1499327.0,
251,2012,0.27,745191.06,1563030.0,
251,2013,0.26,117853.0,1183954.0,
251,2014,0.23,71676.54,1424530.0,
252,1999,0.4889,,113539.0,
252,2000,0.4889,564545.34,2215090.0,
252,2001,0.4889,425492.929,1406635.0,
252,2002,0.4889,362390.62,1572371.0,
252,2003,0.4889,299355.368,2211533.0,
252,2004,0.4889,230532.633,2086747.3,
252,2005,0.4889,260123.16476,,
252,2006,0.4889,249199.0,1315785.0,
252,2007,0.49,235345.0,945895.0,
252,2008,0.49,342810.0,843435.0,11000.0
252,2009,0.45,177315.0,1479299.0,20000.0
252,2010,0.42,122824.0,1153815.0,22000.0
252,2011,0.42,301135.0,1628703.0,32000.0
252,2012,0.45,318346.0,1582708.0,33950.0
252,2013,0.43,374035.0,2940159.0,110755.0
252,2014,0.38,337457.6,4151769.0,104050.0
253,1999,3.8827,,126100.0,
253,2000,3.8827,5177993.34,1073381.0,
253,2001,3.8827,5258478.929,396603.0,
253,2002,3.8827,5755798.78705,6725.0,
253,2003,3.8827,6860811.46175,500.0,
253,2004,3.8827,6949827.789220001,,
253,2005,3.8827,5337735.026769999,,
253,2006,3.8827,11102512.88435,14191.0,
253,2007,3.88,6751262.0,86954.25684,
253,2008,3.88,2349496.0,120374.0,
253,2009,2.11,2741710.0,350973.0,
253,2010,2.14,3625457.0,465183.0,
253,2011,2.08,4312865.0,555732.0,
253,2012,2.19,2287467.0,1620547.0,
253,2013,2.12,1204592.0,599610.0,
253,2014,2.18,1146116.0,1943124.0,
254,1999,0.0,,,
254,2000,0.0,0.0,242881.0,
254,2001,0.0,0.0,334115.0,
254,2002,0.0,0.0,523135.0,
254,2003,0.0,100463.368,1983771.0,
254,2004,0.0,80369.633,1299869.0,
254,2005,0.0,63378.259999999995,,53592.0
254,2006,0.0,45918.0,488563.0,22000.0
254,2007,0.0,17094.0,1116144.0,
254,2008,0.0,2610.0,2215584.0,
254,2009,0.0,0.0,2337784.6524924994,
254,2010,0.0,2864.0,4246415.0,
254,2011,0.0,0.0,4912411.0,
254,2012,0.0,42795.0,7097554.0,
254,2013,0.0,13511.0,7863550.0,
254,2014,0.0,250435.0,7887396.0,
255,1999,0.6813,,11654.0,
255,2000,0.6813,655208.34,270122.0,
255,2001,0.6813,478763.929,187518.0,
255,2002,0.6813,190631.87537,107847.0,
255,2003,0.6813,525771.698,30948.0,
255,2004,0.6813,588293.633,,
255,2005,0.6813,1232091.26,,
255,2006,0.6813,657604.0,469952.0,
255,2007,0.68,715051.0,1324903.09,32000.0
255,2008,0.68,472590.0,347068.0,16000.0
255,2009,0.61,461849.0,258565.0,
255,2010,0.47,296152.0,853933.0,
255,2011,0.47,692865.0,1326909.0,
255,2012,0.45,163099.0,1628350.0,
255,2013,0.44,785182.06,2876745.0,
255,2014,0.51,1066058.125,4096432.0,
256,1999,1.1023,,1439.0,
256,2000,1.1023,2067681.34,225113.0,
256,2001,1.1023,2336318.929,24032.0,
256,2002,1.1023,2047987.12,,
256,2003,1.1023,1841523.81531,106159.0,
256,2004,1.1023,1967688.853,78450.0,
256,2005,1.1023,2148500.172,,92626.0
256,2006,1.1023,1754405.09999,107965.0,372489.0
256,2007,1.1,1194697.08,312631.0,260550.0
256,2008,1.1,1594476.025,2655604.0,285000.0
256,2009,0.97,1419442.99996,2736898.0,279620.0
256,2010,1.03,839545.27,2285708.0,277920.0
256,2011,1.05,1627384.5,4110363.0,
256,2012,1.1,1423144.0,4502581.0,
256,2013,1.16,1170097.3,6754378.0,
256,2014,1.05,241402.47,9476490.0,
257,1999,0.6979,,76241.0,
257,2000,0.6979,1624503.34,570036.0,
257,2001,0.6979,1181033.929,647548.0,
257,2002,0.6979,1254310.12,734519.0,
257,2003,0.6979,1142108.368,1028453.0,
257,2004,0.6979,1034206.533,1121610.76,
257,2005,0.6979,1179220.79,,
257,2006,0.6979,1772218.17,800950.36,
257,2007,0.7,1585447.7,700127.62,23400.0
257,2008,0.7,1318885.0,2318658.42,307716.0
257,2009,0.71,1254597.0,3647848.22,362400.0
257,2010,0.75,1157022.0,5006093.0,609000.0
257,2011,0.78,694946.2,5814788.0,450000.0
257,2012,0.78,592165.0,6522813.0,75000.0
257,2013,0.79,869103.66,9628390.0,125000.0
257,2014,1.0,538318.0,13941232.0,455376.0
258,1999,0.1681,,77798.0,
258,2000,0.1681,875125.34,624615.0,
258,2001,0.1681,359223.929,1187452.0,
258,2002,0.1681,284222.12,964431.0,
258,2003,0.1681,651170.368,944108.0,
258,2004,0.1681,504846.633,1565844.0,
258,2005,0.1681,1165482.26,,
258,2006,0.1681,1840506.32,448867.0,53686.0
258,2007,0.48,1813376.0,821903.0,
258,2008,0.48,1355910.8,2416676.0,
258,2009,0.48,1116411.37396,1586539.0,
258,2010,0.45,794907.86,2741186.0,
258,2011,0.46,679563.0,3924446.0,
258,2012,0.47,1009395.0,4914187.0,125000.0
258,2013,0.47,855931.8,5080327.0,32900.0
258,2014,0.49,844516.0,6004592.0,18863.0
259,1999,1.3696,,637980.0,
259,2000,1.3696,2136101.34,5456232.0,
259,2001,1.3696,2469106.379,5274845.0,
259,2002,1.3696,2460988.8432,4618240.6,
259,2003,1.3696,3167286.21765,3430993.0,
259,2004,1.3696,2811670.7330199997,2422172.0,
259,2005,1.3696,3980965.44018,,122173.0
259,2006,1.3696,4479389.56213,4597309.0,2728412.0
259,2007,1.37,3170495.4766,4276312.00008,2468560.0
259,2008,1.37,2210197.216,4348307.0,1889780.0
259,2009,1.77,2121394.71,3991753.0,1361480.0
259,2010,1.78,1636754.175,11448328.0,566800.0
259,2011,1.87,2075173.189309576,14531573.0,540000.0
259,2012,1.84,2692775.0,17241813.0,896000.0
259,2013,1.9,2297727.762,21799655.0,230000.0
259,2014,1.97,3431697.83899,28600150.0,
260,1999,0.1964,,2958.0,
260,2000,0.1964,393296.34,111432.0,
260,2001,0.1964,337629.929,41836.0,
260,2002,0.1964,288312.036,23501.0,
260,2003,0.1964,427841.368,80172.0,
260,2004,0.1964,486102.633,21402.0,
260,2005,0.1964,359494.26,,41061.0
260,2006,0.1964,631039.0,130565.0,
260,2007,0.2,280847.458,796612.0,
260,2008,0.2,221258.797,1255505.0,
260,2009,0.2,80029.495,2389862.0,
260,2010,0.19,115375.037,2128214.0,
260,2011,0.19,115498.0,2110476.0,
260,2012,0.2,200840.26,2275728.0,
260,2013,0.19,39679.0,1901434.0,
260,2014,0.21,59404.89,2469416.0,
261,1999,0.0,,,
261,2000,0.0,36076.34,131808.0,
261,2001,0.0,56228.929000000004,53426.0,
261,2002,0.0,38573.12,,
261,2003,0.0,8755.318,,
261,2004,0.0,51439.68037,,
261,2005,0.0,83628.26,,
261,2006,0.0,83635.193,0.0,
261,2007,0.0,93067.0,86708.0,
261,2008,0.0,189961.0,244931.0,
261,2009,0.0,4671.0,334525.0,
261,2010,0.0,2240.0,660955.0,
261,2011,0.0,2452.0,838540.0,
261,2012,0.0,32461.0,1143722.0,
261,2013,0.0,8934.0,1546783.0,
261,2014,0.0,3538.0,1516812.0,
262,1999,0.001,,,
262,2000,0.001,555127.34,267286.0,
262,2001,0.001,360714.929,21727.0,
262,2002,0.001,390044.12,,
262,2003,0.001,104397.368,1682668.0,
262,2004,0.001,250178.633,1418266.0,
262,2005,0.001,240671.26,,
262,2006,0.001,199579.0,2084548.0,
262,2007,0.01,152212.0,2079827.0,
262,2008,0.01,278489.0,3008135.0,
262,2009,0.01,222227.0,4358494.0,
262,2010,0.01,1064344.312,5415675.0,
262,2011,0.01,199501.0,8122394.0,
262,2012,0.01,63581.1,9583140.0,
262,2013,0.01,169281.0,12896690.0,
262,2014,0.01,1123042.65,12007756.0,36000.0
263,1999,0.0,,,
263,2000,0.0,,545151.0,
263,2001,0.0,,1180.0,
263,2002,0.0,,,
263,2003,0.0,,,
263,2004,0.0,,,
263,2005,0.0,,,
263,2006,0.0,219663.643,33825.0,
263,2007,0.3,620367.261,184715.0,
263,2008,0.3,878497.39,946487.9,
263,2009,0.37,254263.0,1782027.0,
263,2010,0.38,326001.79983956,1837250.0,
263,2011,0.38,333102.0,1920891.0,
263,2012,0.4,377465.0,2518512.0,
263,2013,0.38,230792.0,4786382.0,
263,2014,0.35,404595.93,6722100.0,
264,1999,0.033,,,
264,2000,0.033,,192875.0,
264,2001,0.033,,39524.0,
264,2002,0.033,,168678.0,
264,2003,0.033,,164429.0,
264,2004,0.033,,157166.245,
264,2005,0.033,,,
264,2006,0.033,0.0,37309.0,
264,2007,0.03,24752.0,78287.0,
264,2008,0.0,0.0,352017.0,
264,2009,0.0,18890.64,848457.0,
264,2010,0.0,0.0,1017348.0,
264,2011,0.0,2325.0,1113046.0,
264,2012,0.0,0.0,1316052.0,
264,2013,0.0,2939.0,1704197.0,
264,2014,0.0,0.0,2451596.0,
265,1999,0.002,,,
265,2000,0.002,,170222.0,
265,2001,0.002,,12901.0,
265,2002,0.002,,,
265,2003,0.002,,,
265,2004,0.002,,457.0,
265,2005,0.002,,,
265,2006,0.002,56116.0,568.0,
265,2007,0.01,1800.0,251577.0,
265,2008,0.01,114530.0,601888.0,
265,2009,0.01,51711.0,1033017.0,
265,2010,0.01,21348.0,939933.0,
265,2011,0.01,20400.0,893407.0,
265,2012,0.01,22830.0,900760.0,
265,2013,0.01,141440.0,898121.0,
265,2014,0.01,170542.0,1004133.0,
266,2000,,,113362.0,
266,2001,,,14900.0,
266,2002,,,428893.0,
266,2003,,,102594.0,
266,2004,,,394341.0,
266,2006,,0.0,50868.0,
266,2007,,0.0,149760.0,
266,2008,,79090.0,222342.0,
266,2009,,0.0,416006.0,
266,2010,,0.0,822057.0,
266,2011,,0.0,716230.0,
266,2012,,0.0,587667.0,
266,2013,,15708.0,756627.0,
266,2014,,0.0,755146.0,
267,1999,0.0,,,
267,2000,0.0,,365.0,
267,2001,0.0,,,
267,2002,0.0,,456.0,
267,2003,0.0,,,
267,2004,0.0,,,
267,2005,0.0,,,
267,2006,0.0,0.0,13747.0,
267,2007,0.0,39774.0,17382.0,
267,2008,0.0,42850.0,34357.0,
267,2009,0.0,13050.0,508639.0,
267,2010,0.0,8861.0,922133.0,
267,2011,0.0,24893.0,1127514.0,
267,2012,0.0,18168.0,1540674.0,
267,2013,0.0,2671.76,2845392.0,
267,2014,0.0,7667.0,2759062.0,
268,1999,,,95817.0,
268,2000,,,878.0,
268,2001,,,53510.0,
268,2003,,,805.0,
268,2004,,,39302.0,
268,2006,,26340.0,50500.0,
268,2007,,29485.7,89484.0,
268,2008,,0.0,220992.5,
268,2009,,43160.0,465635.7,
268,2010,,78336.5,1051066.0,
268,2011,,103881.0,1674300.0,
268,2012,,57527.0,1619083.0,50246.0
268,2013,,87080.9,2052071.0,7200.0
268,2014,,234634.4,2253657.0,
269,2006,,52800.0,,
269,2007,,52505.0,,
269,2008,,216392.0,,
269,2009,,27325.0,,
269,2010,,52386.0,,
269,2011,,109268.0,,
269,2012,,32384.0,,
269,2013,,0.0,,
269,2014,,5400.0,,
270,2006,,146098.56,179785.0,
270,2007,,212494.27804,217777.0,
270,2008,,277105.0,210326.0,
270,2009,,383243.0,595967.0,
270,2010,,0.0,0.0,
270,2011,,0.0,0.0,
270,2012,,0.0,0.0,
270,2013,,0.0,0.0,
270,2014,,0.0,0.0,
271,2006,,1716541.815,,
271,2007,,1698550.22,,
271,2008,,711140.90331,,
271,2009,,0.0,,
271,2010,,0.0,,
271,2011,,0.0,,
271,2012,,0.0,,
271,2013,,0.0,,
271,2014,,0.0,,
272,2006,,404425.05,,
272,2007,,0.0,,
272,2008,,0.0,,
272,2009,,0.0,,
272,2010,,0.0,,
272,2011,,0.0,,
272,2012,,0.0,,
272,2013,,0.0,,
272,2014,,0.0,,
273,2006,,0.0,0.0,
273,2007,0.17,78591.0,0.0,
273,2008,0.05,83020.0,309439.0,42883.0
273,2009,0.2,282063.11,819742.0,99697.0
273,2010,0.0,195350.1,813456.0,81867.0
273,2011,0.0,217305.0,995978.0,191787.0
273,2012,0.18,428944.5,1003172.0,
273,2013,0.19,512028.0,1694860.0,3648.0
273,2014,0.19,659437.2,2012788.0,56400.0
274,2006,,0.0,,
274,2007,,0.0,,
274,2008,,644761.0,,
274,2009,,1801316.3874781306,,
274,2010,,742432.634,,
274,2011,,579772.0,,
274,2012,,184744.0,,
274,2013,,0.0,,
274,2014,,0.0,,
275,2006,,0.0,,
275,2007,,0.0,,
275,2008,,0.0,,
275,2009,,0.0,,
275,2010,,0.0,,
275,2011,,0.0,,
275,2012,,0.0,,
275,2013,0.21,86753.0,,
275,2014,0.22,171481.0,,
276,2006,,0.0,0.0,
276,2007,,0.0,0.0,
276,2008,,0.0,0.0,
276,2009,,0.0,0.0,
276,2010,,0.0,0.0,
276,2011,,0.0,0.0,
276,2012,0.21,60517.0,252784.0,25000.0
276,2013,0.21,278544.0,4030446.0,50100.0
276,2014,0.21,29787.0,4639855.0,
277,2005,,,,31168.0
277,2006,,0.0,0.0,
277,2007,0.13,56173.0,491095.0,30000.0
277,2008,0.13,186671.0,1724819.0,42094.0
277,2009,0.13,241828.0,2212738.0,
277,2010,0.13,142472.0,3312671.0,
277,2011,0.14,192245.0,3431431.0,
277,2012,0.14,300010.0,4369914.0,
277,2013,0.14,206707.0,4337759.0,
277,2014,0.16,48777.0,4614932.0,
278,2001,,,1102.0,
278,2006,,0.0,0.0,
278,2007,,0.0,0.0,
278,2008,,0.0,0.0,
278,2009,0.2,332949.6,137860.0,
278,2010,0.2,753482.92,279511.0,
278,2011,0.2,298860.0,596912.0,
278,2012,0.2,187522.0,869543.0,
278,2013,0.2,203345.0,716917.0,
278,2014,0.15,217082.0,1893562.0,
279,2006,,0.0,,
279,2007,,0.0,,
279,2008,,0.0,,
279,2009,,0.0,,
279,2010,0.28,241808.0,,
279,2011,0.27,314515.64,,
279,2012,0.0,37340.0,,
279,2013,0.0,0.0,,
279,2014,0.0,0.0,,
280,1999,0.0,,,
280,2000,0.0,,67787.0,
280,2001,0.0,,11629.0,
280,2002,0.0,,20736.0,
280,2003,0.0,,53102.0,
280,2004,0.0,,3313.0,
280,2005,0.0,,,
280,2006,0.0,,26370.1875,
280,2007,0.0,,26852.0,
280,2008,0.0,,19059.0,
280,2009,0.0,,65546.0,
280,2010,0.0,,89726.0,
280,2011,0.0,,116604.0,
280,2012,0.0,,138430.0,
280,2013,0.0,,209424.0,
280,2014,0.0,,303990.0,
281,2003,,,961.0,
282,2000,,,11360.0,
283,2000,,,44222.0,
283,2004,,,379642.0,
